data/gulf-currents.json
{"header": {"parameterCategory": 2, "parameterNumber": 3, "lo1": -99.03997802734375, "la1": 41.84000015258789, "dx": 0.24, "dy": 0.24, "nx": 172, "ny": 142, "refTime": "2024-08-28T00:00:00Z", "forecastTime": 0, "source": "HYCOM GOFS 3.1 GLBy0.08/expt_93.0 (NCSS), surface, 2024-08-28T00:00:00Z"}, "data":
[rows 0 to 33 of 142, columns 76 to 151 of 172]
null,null,null,null,null,null,null,null,null,null,null,null,null,null,null,null,null,null,null,null,null,null,null,null,null,null,null,null,null,null,null,null,null,null,null,null,null,null,null,null,null,null,null,-0.038,-0.086,null,0.012,0.027,0.038,0.125,0.045,0.009,-0.005,0.037,0.105,0.065,0.037,0.086,0.138,0.075,-0.079,-0.001,-0.275,-0.232,-0.384,-0.598,-0.525,-0.162,0.197,-0.053,-0.125,-0.099,-0.186,-0.02,0.088,-0.062
null,null,null,null,null,null,null,null,null,null,null,null,null,null,null,null,null,null,null,null,null,null,null,null,null,null,null,null,null,null,null,null,null,null,null,null,null,null,null,null,null,null,null,null,0.012,0.0,-0.014,0.041,-0.039,0.022,0.087,0.078,0.075,0.02,0.092,0.034,0.019,0.115,0.235,0.145,-0.063,-0.167,-0.026,0.111,-0.104,-0.183,-0.236,-0.173,-0.319,-0.406,0.058,0.245,0.175,0.175,0.311,0.241
null,null,null,null,null,null,null,null,null,null,null,null,null,null,null,null,null,null,null,null,null,null,null,null,null,null,null,null,null,null,null,null,null,null,null,null,null,null,null,0.042,-0.01,-0.074,null,null,0.006,-0.012,-0.054,0.045,-0.018,-0.025,0.016,-0.002,0.077,0.0,0.035,0.022,0.055,0.164,0.102,0.1,-0.059,-0.073,-0.028,-0.179,-0.398,-0.444,-0.385,-0.375,-0.567,-0.335,0.062,0.396,0.143,0.044,0.213,0.276
null,null,null,null,null,null,null,null,null,null,null,null,null,null,null,null,null,null,null,null,null,null,null,null,null,null,null,null,null,null,null,null,0.084,-0.003,0.041,-0.053,-0.071,-0.025,-0.037,0.05,0.007,-0.011,-0.035,-0.039,-0.054,-0.032,-0.07,0.009,-0.082,-0.062,-0.049,0.09,0.013,-0.019,0.066,0.077,0.141,0.164,0.023,0.068,-0.208,-0.142,-0.253,-0.427,-0.475,-0.255,-0.157,0.015,0.086,-0.056,-0.116,0.094,0.129,0.012,-0.02,-0.118
null,null,null,null,null,null,null,null,null,null,null,null,null,null,null,null,null,null,null,null,null,null,null,null,null,null,null,null,null,null,null,null,null,null,null,null,0.052,0.061,0.205,0.139,0.043,0.015,0.009,-0.065,-0.144,-0.023,-0.056,-0.018,-0.008,-0.033,0.18,0.085,-0.05,-0.029,-0.04,-0.054,-0.117,-0.057,-0.078,0.072,0.149,0.042,-0.036,-0.138,-0.156,0.059,0.303,0.293,0.063,-0.013,-0.092,-0.277,-0.287,-0.162,-0.402,-0.076
null,null,null,null,null,null,null,null,null,null,null,null,null,null,null,null,null,null,null,null,null,null,null,null,null,null,null,null,null,null,null,0.027,0.058,0.004,0.037,0.043,0.068,0.137,0.07,0.196,0.199,0.1,0.063,0.067,-0.059,-0.047,-0.053,0.009,-0.019,0.041,0.023,-0.022,-0.056,-0.125,-0.171,-0.131,0.106,0.095,-0.08,-0.133,-0.096,-0.169,-0.094,-0.043,-0.005,0.141,0.262,0.135,0.082,-0.106,-0.472,-0.613,-0.657,-0.611,-0.266,0.14
null,null,null,null,null,null,null,null,null,null,null,null,null,null,null,null,null,null,null,null,null,null,null,null,null,null,null,null,null,0.083,-0.007,0.074,0.063,-0.009,0.052,-0.011,0.036,0.303,0.107,0.024,-0.09,-0.129,-0.124,-0.173,-0.213,-0.147,-0.13,-0.096,-0.053,-0.175,-0.007,-0.048,-0.224,-0.203,-0.221,-0.31,-0.263,-0.184,-0.272,-0.292,-0.316,-0.263,-0.183,-0.064,-0.014,0.113,0.185,-0.056,-0.13,-0.168,-0.286,-0.468,-0.811,-0.413,-0.322,0.36
null,null,null,null,null,null,null,null,null,null,null,null,null,null,null,null,null,null,null,null,null,null,null,null,null,null,null,null,null,0.108,0.056,0.042,0.029,0.063,0.049,0.045,0.129,0.059,-0.067,-0.111,-0.027,0.064,-0.024,-0.176,-0.166,-0.073,-0.07,-0.169,-0.104,-0.373,-0.182,0.097,0.254,0.238,0.127,0.025,0.033,-0.019,-0.216,-0.187,-0.176,-0.165,-0.065,-0.018,-0.232,-0.007,0.153,0.018,-0.343,-0.238,-0.435,-0.545,-0.506,-0.42,-0.114,0.306
null,null,null,null,null,null,null,null,null,null,null,null,null,null,null,null,null,null,null,null,null,null,null,null,null,null,null,null,null,0.016,0.087,0.107,0.056,0.115,0.178,-0.01,-0.07,0.036,-0.199,-0.273,0.006,-0.03,0.069,0.117,0.032,0.001,-0.045,-0.088,0.158,0.153,0.164,0.22,0.475,0.329,0.3,0.318,0.2,0.067,-0.172,-0.135,-0.173,-0.1,0.081,0.192,0.115,0.056,0.069,-0.222,0.013,-0.194,-0.59,-0.617,-0.481,-0.552,-0.295,0.206
null,null,null,null,null,null,null,null,null,null,null,null,null,null,null,null,null,null,null,null,null,null,null,null,null,null,null,null,0.141,-0.031,0.014,-0.011,0.278,0.036,-0.08,0.0,-0.126,-0.136,-0.221,-0.083,0.139,0.191,0.264,0.156,0.055,-0.039,0.238,0.069,0.009,0.033,-0.015,0.073,0.229,0.174,0.165,0.404,0.412,0.252,0.097,-0.065,-0.059,0.047,0.194,0.212,0.198,0.002,0.089,0.058,0.114,-0.153,-0.607,-0.403,-0.212,-0.098,0.306,0.145
null,null,null,null,null,null,null,null,null,null,null,null,null,null,null,null,null,null,null,null,null,null,null,null,null,null,null,0.018,0.081,0.007,0.049,0.188,0.159,0.029,-0.302,-0.09,-0.018,0.109,0.204,0.13,0.079,0.072,0.051,-0.118,-0.175,0.056,0.171,0.157,0.097,-0.053,-0.157,-0.101,-0.26,-0.142,0.293,0.674,0.543,0.252,0.173,0.022,0.046,0.114,0.108,0.098,0.137,0.115,-0.049,-0.249,-0.11,-0.055,-0.044,0.097,-0.001,0.1,0.147,0.332
null,null,null,null,null,null,null,null,null,null,null,null,null,null,null,null,null,null,null,null,null,null,null,-0.035,0.002,null,0.08,0.098,0.09,0.02,0.168,0.219,-0.173,-0.378,-0.096,0.066,0.198,0.129,0.174,0.139,0.117,0.121,0.149,-0.02,-0.087,0.008,0.036,-0.098,-0.059,-0.094,-0.076,-0.029,-0.073,0.317,0.376,0.555,0.163,-0.081,-0.188,-0.047,0.163,0.259,0.263,0.19,0.036,-0.088,-0.149,-0.107,-0.034,-0.164,-0.252,-0.043,-0.047,0.128,0.364,0.654
null,null,null,null,null,null,null,null,null,null,null,null,null,null,null,null,null,null,null,null,null,null,null,-0.049,-0.072,0.045,0.095,0.099,0.059,0.017,0.132,-0.198,-0.184,-0.484,-0.16,-0.078,-0.213,-0.014,0.031,-0.012,0.077,0.323,0.256,0.147,0.113,0.09,-0.039,-0.136,-0.221,-0.234,-0.3,-0.116,0.358,0.399,0.352,0.202,-0.302,-0.424,-0.233,0.108,0.263,0.38,0.337,0.222,0.08,0.096,0.086,0.045,0.06,0.077,-0.081,0.001,0.122,0.32,0.547,0.654
null,null,null,null,null,null,null,null,null,null,null,null,null,null,null,null,null,null,null,null,null,null,null,null,-0.02,0.088,0.073,0.1,-0.009,0.127,-0.176,-0.153,-0.48,-0.217,0.107,0.105,0.001,-0.081,-0.149,0.034,0.394,0.437,0.44,0.45,0.377,0.265,0.083,-0.127,-0.26,-0.322,-0.493,-0.175,0.204,0.116,0.152,0.23,-0.075,-0.244,-0.232,-0.007,0.196,0.431,0.558,0.423,0.196,0.197,0.207,0.198,0.145,0.075,0.055,0.112,0.238,0.406,0.49,0.52
null,null,null,null,null,null,null,null,null,null,null,null,null,null,null,null,null,null,null,null,null,null,null,null,0.019,0.044,0.066,0.092,0.119,-0.073,-0.331,-0.491,-0.156,0.024,0.002,-0.221,-0.121,-0.013,-0.131,0.035,0.223,0.149,0.337,0.421,0.337,0.15,0.021,-0.002,-0.126,-0.258,-0.468,-0.325,-0.109,-0.023,-0.12,0.232,0.218,0.286,0.476,0.584,0.537,0.561,0.782,0.576,0.119,0.086,0.172,0.353,0.301,0.19,0.214,0.256,0.366,0.352,0.203,0.292
null,null,null,null,null,null,null,null,null,null,null,null,null,null,null,null,null,null,null,0.077,0.009,null,null,null,0.07,0.063,0.175,0.146,0.044,-0.333,-0.369,-0.115,-0.181,-0.144,0.068,0.018,-0.186,-0.144,0.092,-0.003,0.047,0.409,0.738,0.58,0.395,0.061,-0.159,-0.236,-0.274,-0.359,-0.254,-0.354,-0.26,-0.234,-0.35,-0.456,-0.346,-0.157,0.305,0.651,0.439,0.682,0.863,0.867,0.318,0.02,0.242,0.39,0.327,0.352,0.322,0.291,0.303,0.2,0.186,0.098
null,null,null,null,null,null,null,null,null,null,null,null,null,null,null,null,null,null,null,-0.023,0.048,null,null,null,0.082,0.182,0.173,0.069,-0.219,-0.464,-0.152,-0.009,0.073,0.2,0.326,0.227,0.032,-0.163,-0.139,0.039,0.254,0.628,0.804,0.836,0.274,0.14,0.012,-0.211,-0.46,-0.491,-0.77,-0.515,-0.284,-0.159,-0.306,-0.458,-0.447,-0.232,-0.12,0.117,0.311,0.493,0.756,0.912,0.311,-0.122,0.059,0.447,0.542,0.515,0.458,0.332,0.21,0.161,0.008,-0.24
null,null,null,null,null,null,null,null,null,null,null,null,null,null,null,null,null,null,null,0.17,0.035,null,0.045,0.075,0.206,0.214,-0.11,-0.116,-0.171,-0.213,-0.138,0.084,0.198,0.443,0.517,0.448,0.455,0.417,0.341,0.286,0.319,0.424,0.403,0.43,0.331,0.176,0.026,-0.117,-0.27,-0.282,-0.572,-0.839,-0.687,-0.469,-0.27,-0.203,-0.194,-0.195,-0.044,-0.021,0.042,0.336,0.772,0.708,0.235,-0.355,-0.386,0.214,0.686,0.869,0.642,0.445,0.174,0.164,-0.083,-0.401
null,null,null,null,null,null,null,null,null,null,null,null,null,null,null,null,null,null,null,0.075,-0.069,null,0.086,0.116,0.242,0.239,0.097,-0.265,-0.212,-0.317,-0.405,-0.214,0.094,0.334,0.529,0.641,0.716,0.73,0.512,0.374,0.389,0.283,0.401,0.383,0.046,0.022,0.008,-0.188,-0.287,-0.326,-0.543,-0.609,-0.631,-0.617,-0.641,-0.475,-0.106,0.157,0.25,0.088,-0.08,0.256,0.718,0.483,0.087,-0.479,-0.662,-0.007,0.697,1.097,0.8,0.388,0.068,0.092,-0.046,-0.296
null,null,null,null,null,null,null,null,null,null,null,null,null,null,null,null,null,null,null,0.084,null,0.047,0.127,0.242,0.192,-0.059,-0.29,-0.589,-0.159,-0.274,-0.566,-0.595,0.083,0.408,0.818,0.915,0.883,0.593,0.338,0.428,0.405,0.241,0.238,0.244,0.052,-0.08,-0.116,-0.32,-0.293,-0.201,-0.232,-0.367,-0.563,-0.606,-0.724,-0.807,-0.475,-0.194,-0.042,-0.325,-0.229,0.546,0.339,0.28,0.158,-0.429,-0.756,-0.331,0.523,1.096,0.926,0.341,-0.085,-0.038,-0.152,-0.313
null,null,null,null,null,null,null,null,null,null,null,null,null,null,null,null,null,null,null,0.05,0.028,0.074,0.122,0.126,0.17,0.021,-0.231,-0.128,-0.004,-0.118,-0.185,-0.046,0.349,0.8,0.97,0.802,0.516,0.137,0.249,0.495,0.299,0.102,0.124,0.134,0.046,-0.086,-0.281,-0.372,-0.225,-0.288,-0.334,-0.37,-0.382,-0.507,-0.605,-0.924,-0.953,-0.52,-0.681,-0.77,0.198,0.788,0.615,0.429,0.169,-0.324,-0.651,-0.271,0.305,1.021,0.882,0.391,-0.048,-0.201,-0.245,-0.222
null,null,null,null,null,null,null,null,null,null,null,null,null,null,null,null,null,null,null,null,null,0.08,0.076,0.142,0.089,-0.162,-0.102,0.204,0.344,0.318,0.444,0.702,0.992,1.095,0.676,0.074,-0.001,-0.144,0.402,0.34,0.384,0.206,0.059,0.074,-0.037,-0.261,-0.49,-0.326,-0.015,-0.184,-0.425,-0.27,-0.158,-0.232,-0.495,-0.959,-1.022,-0.843,-1.099,-0.468,0.247,0.45,0.556,0.511,0.306,0.07,-0.03,-0.002,0.223,0.746,0.66,0.314,0.044,-0.099,-0.124,-0.147
null,null,null,null,null,null,null,null,null,null,null,null,null,null,null,null,null,null,null,null,null,0.141,0.067,0.083,0.104,-0.013,0.045,0.165,0.505,0.859,1.045,0.855,0.993,0.751,0.087,-0.213,-0.267,0.136,0.162,0.433,0.459,0.259,-0.029,-0.152,-0.185,-0.218,-0.237,-0.115,-0.172,-0.314,-0.296,-0.05,-0.314,-0.445,-0.714,-0.948,-0.988,-1.159,-0.83,-0.007,0.334,0.36,0.557,0.677,0.547,0.333,0.193,0.193,0.135,0.407,0.369,0.26,0.029,0.079,-0.041,-0.166
null,null,null,null,null,null,null,null,null,null,null,null,null,null,null,null,null,null,null,null,null,-0.037,0.186,0.11,0.048,-0.034,-0.036,0.621,0.982,1.187,0.768,0.848,1.201,0.552,-0.207,-0.343,-0.097,0.133,0.22,0.336,0.271,-0.049,-0.114,-0.107,-0.055,-0.007,0.036,0.079,-0.243,-0.253,-0.071,-0.123,-0.248,-0.454,-0.719,-0.846,-0.966,-1.232,-0.337,0.232,0.477,0.38,0.39,0.567,0.627,0.489,0.245,0.056,0.082,0.206,0.145,0.136,0.17,0.052,0.134,0.047
null,null,null,null,null,null,null,null,null,null,null,null,null,null,null,null,null,null,null,null,null,null,0.124,0.164,-0.032,-0.312,0.447,0.988,1.101,1.131,0.469,0.825,0.913,0.074,-0.494,-0.023,0.006,-0.005,0.118,0.044,-0.046,-0.211,-0.282,0.004,0.273,0.279,0.24,0.075,-0.099,-0.248,-0.092,-0.216,-0.352,-0.574,-0.656,-0.752,-0.977,-0.778,-0.046,0.051,0.177,0.442,0.379,0.368,0.517,0.366,0.056,-0.165,-0.053,0.267,0.082,0.004,0.003,0.117,0.145,0.158
null,null,null,null,null,null,null,null,null,null,null,null,null,null,null,null,null,null,null,null,null,null,0.041,0.111,-0.104,-0.249,0.924,1.118,1.117,1.004,0.506,0.594,0.588,-0.212,-0.388,0.131,0.198,-0.074,-0.039,-0.154,-0.319,-0.679,-0.734,0.062,0.787,0.631,0.248,0.113,-0.056,-0.209,-0.274,-0.293,-0.518,-0.601,-0.785,-0.942,-0.933,-0.719,-0.297,-0.266,0.123,0.203,0.335,0.265,0.361,0.329,-0.116,-0.117,-0.059,0.137,0.08,0.111,0.067,0.109,0.156,0.071
null,null,null,null,null,null,null,null,null,null,null,null,null,null,null,null,null,null,null,null,null,null,-0.036,0.119,-0.298,0.567,1.12,0.893,0.98,0.824,0.801,0.593,0.296,-0.367,-0.366,0.248,0.173,-0.131,-0.164,-0.326,-0.698,-1.142,-1.164,0.173,1.332,1.255,0.656,0.263,-0.062,-0.068,-0.058,-0.365,-0.79,-1.001,-0.914,-0.594,-0.467,-0.193,0.005,0.107,0.177,0.216,0.193,0.162,0.27,0.282,-0.153,-0.304,-0.201,0.06,0.142,0.23,0.186,0.122,-0.014,0.037
null,null,null,null,null,null,null,null,null,null,null,null,null,null,null,null,null,null,0.017,null,0.078,0.048,-0.022,-0.041,0.425,1.079,0.866,0.753,0.876,0.992,0.803,0.446,0.108,-0.418,-0.244,0.125,-0.039,-0.148,-0.245,-0.381,-0.965,-1.251,-1.151,-0.069,1.097,1.293,0.711,0.439,0.209,-0.127,-0.092,-0.334,-0.916,-1.178,-0.767,-0.418,-0.105,0.116,0.109,0.032,-0.063,0.008,0.084,-0.002,0.1,0.053,-0.076,-0.479,-0.299,-0.319,-0.203,0.052,0.183,0.131,0.01,-0.133
null,null,null,null,null,null,null,null,null,null,null,null,null,null,null,null,null,null,0.041,0.074,0.078,0.114,0.112,0.593,1.029,0.857,0.536,0.713,0.959,0.879,0.568,0.297,-0.004,-0.38,-0.157,-0.045,-0.122,-0.168,-0.293,-0.396,-0.914,-1.099,-0.928,-0.072,0.731,0.938,0.592,0.468,0.243,0.003,-0.208,-0.417,-0.609,-0.8,-0.536,-0.169,0.103,0.167,0.041,-0.257,-0.449,-0.399,-0.206,-0.198,-0.048,-0.071,-0.028,-0.185,-0.373,-0.361,-0.274,-0.2,-0.113,-0.015,-0.002,-0.081
null,null,null,null,null,null,null,null,null,null,null,null,null,null,null,null,null,null,null,0.201,0.168,0.122,0.471,0.887,0.878,0.717,0.717,0.67,0.752,0.634,0.292,0.126,-0.019,-0.213,-0.179,-0.248,-0.111,-0.237,-0.276,-0.274,-0.483,-0.562,-0.437,0.067,0.483,0.474,0.58,0.45,0.141,0.15,-0.113,-0.345,-0.438,-0.442,-0.296,-0.117,0.065,0.069,-0.163,-0.367,-0.58,-0.555,-0.383,-0.233,-0.182,-0.148,-0.058,-0.065,-0.141,-0.149,-0.061,0.015,-0.069,-0.249,-0.299,-0.175
null,null,null,null,null,null,null,null,null,null,null,null,null,null,null,null,0.034,0.017,0.106,0.215,0.302,0.438,0.768,0.848,0.651,0.724,0.684,0.646,0.519,0.384,0.047,-0.073,-0.116,-0.17,-0.131,-0.169,-0.174,-0.086,-0.216,-0.192,-0.156,-0.176,-0.132,0.082,0.166,0.463,0.444,0.292,0.337,0.29,0.164,0.03,-0.169,-0.245,-0.222,-0.167,-0.084,-0.111,-0.279,-0.39,-0.45,-0.493,-0.206,-0.172,-0.16,-0.174,-0.027,-0.009,-0.225,-0.262,-0.203,0.186,0.096,-0.242,-0.407,-0.444
null,null,null,null,null,null,null,null,null,null,null,null,null,null,0.063,0.077,0.065,0.054,0.005,0.147,0.566,0.737,0.82,0.621,0.668,0.7,0.474,0.467,0.273,0.244,-0.016,-0.051,-0.018,0.098,0.144,0.06,-0.179,-0.096,-0.109,-0.096,-0.157,-0.156,-0.079,0.01,0.309,0.457,0.315,0.263,0.517,0.477,0.266,0.089,-0.123,-0.278,-0.201,-0.253,-0.297,-0.251,-0.252,-0.285,-0.365,-0.218,-0.167,-0.22,-0.197,-0.261,-0.219,-0.317,-0.44,-0.402,-0.242,0.033,-0.167,-0.4,-0.491,-0.657
null,null,null,null,null,null,null,null,null,null,null,null,null,0.076,0.082,0.112,0.068,0.095,0.092,0.433,0.745,0.824,0.712,0.407,0.559,0.41,0.424,0.349,0.159,0.014,-0.075,-0.02,0.188,0.171,-0.086,-0.056,-0.063,-0.076,-0.089,-0.213,-0.119,0.065,0.071,0.187,0.559,0.492,0.23,0.422,0.443,0.417,0.351,0.152,-0.111,-0.267,-0.389,-0.464,-0.406,-0.46,-0.414,-0.301,-0.177,-0.147,-0.124,-0.203,-0.312,-0.411,-0.464,-0.496,-0.52,-0.405,-0.079,-0.2,-0.616,-0.768,-0.761,-0.935
null,null,null,null,null,null,null,null,null,null,0.011,-0.003,0.088,0.07,0.112,0.129,0.074,0.158,0.338,0.717,0.934,0.865,0.536,0.347,0.274,0.188,0.274,0.309,0.198,-0.058,-0.241,-0.049,0.179,0.128,-0.147,-0.052,0.006,-0.128,-0.181,-0.15,0.119,0.263,0.256,0.461,0.722,0.392,0.152,0.344,0.299,0.417,0.425,0.354,0.113,-0.216,-0.309,-0.421,-0.411,-0.416,-0.398,-0.23,-0.11,-0.053,-0.142,-0.209,-0.349,-0.414,-0.523,-0.565,-0.527,-0.175,-0.266,-0.488,-0.551,-0.817,-0.773,-0.631
