data/gulf-currents.json
{"header": {"parameterCategory":2,"parameterNumber":2,"lo1":-98.96002197265625,"la1":41.84000015258789,"dx":0.2400002872242647,"dy":0.2400000010821836,"nx":171,"ny":142,"refTime":"2014-04-08T00:00:00Z","forecastTime":0,"source":"nrlHycomGLBu008e910D via https://coastwatch.pfeg.noaa.gov/erddap"}, "data":
[rows 0 to 32 of 142, columns 76 to 151 of 171]
null,null,null,null,null,null,null,null,null,null,null,null,null,null,null,null,null,null,null,null,null,null,null,null,null,null,null,null,null,null,null,null,null,null,null,null,null,null,null,null,null,null,null,-0.026,0.001,0.004,0.01,0.024,0.066,0.085,0.068,0.074,0.116,0.111,0.043,0.024,-0.023,-0.023,-0.049,-0.067,-0.05,-0.054,-0.054,0.3,0.777,0.636,0.381,0.261,0.118,-0.133,-0.214,-0.044,0.096,0.066,0.021,-0.055
null,null,null,null,null,null,null,null,null,null,null,null,null,null,null,null,null,null,null,null,null,null,null,null,null,null,null,null,null,null,null,null,null,null,null,null,null,null,null,null,null,null,null,null,-0.008,-0.011,0.004,-0.004,0.005,0.026,0.041,0.051,0.063,0.045,0.011,-0.032,-0.049,-0.049,-0.072,-0.069,-0.032,0.009,0.329,0.358,0.181,0.399,0.197,0.165,0.119,0.138,0.094,0.151,-0.1,-0.442,-0.473,-0.525
null,null,null,null,null,null,null,null,null,null,null,null,null,null,null,null,null,null,null,null,null,null,null,null,null,null,null,null,null,null,null,null,null,null,null,null,null,null,null,-0.07,-0.086,-0.044,null,0.018,-0.013,0.014,0.114,0.111,0.046,0.054,0.068,0.074,0.027,0.029,0.001,-0.033,-0.061,-0.062,-0.035,-0.14,-0.136,0.366,0.375,0.204,0.145,0.432,0.629,0.253,0.277,0.289,-0.013,0.346,0.045,-0.31,-0.023,-0.069
null,null,null,null,null,null,null,null,null,null,null,null,null,null,null,null,null,null,null,null,null,null,null,null,null,null,null,null,null,null,null,null,-0.281,-0.264,-0.295,null,-0.202,-0.139,-0.106,-0.046,-0.075,-0.1,-0.066,-0.067,-0.041,0.081,0.17,0.232,0.107,0.031,0.063,0.048,0.051,0.048,0.051,0.022,-0.044,-0.061,-0.308,-0.1,0.121,-0.081,-0.181,-0.018,-0.049,0.451,0.612,0.749,0.203,-0.069,0.03,-0.169,-0.404,0.046,-0.148,-0.26
null,null,null,null,null,null,null,null,null,null,null,null,null,null,null,null,null,null,null,null,null,null,null,null,null,null,null,null,null,null,null,null,null,null,null,-0.065,-0.085,-0.057,-0.043,-0.028,-0.024,-0.015,-0.035,-0.041,-0.025,0.025,0.017,0.019,0.002,0.023,0.025,0.069,0.089,0.087,0.033,-0.091,-0.211,-0.245,-0.188,0.196,0.143,0.149,0.385,0.821,0.846,0.538,0.354,-0.021,-0.317,-0.079,0.006,-0.569,-0.515,-0.427,-0.363,-0.188
null,null,null,null,null,null,null,null,null,null,null,null,null,null,null,null,null,null,null,null,null,null,null,null,null,null,null,null,null,null,null,null,-0.18,-0.141,-0.058,-0.043,-0.017,-0.004,-0.006,-0.019,-0.039,-0.02,-0.006,0.007,0.005,-0.006,0.024,0.008,0.017,0.006,0.009,-0.04,-0.166,-0.165,-0.248,-0.049,0.173,0.371,0.419,0.525,0.625,0.647,0.627,0.53,0.23,0.287,0.32,0.045,-0.067,-0.028,-0.489,-0.886,-0.756,-0.231,0.327,0.736
null,null,null,null,null,null,null,null,null,null,null,null,null,null,null,null,null,null,null,null,null,null,null,null,null,null,null,null,null,-0.212,-0.194,-0.126,-0.064,-0.047,-0.032,-0.008,-0.009,-0.009,-0.044,-0.036,-0.017,-0.029,0.037,0.088,0.133,0.127,0.059,-0.013,-0.111,-0.136,-0.165,0.024,0.091,0.035,-0.008,-0.043,0.038,0.77,1.097,0.84,0.423,0.259,0.28,0.074,-0.152,-0.175,0.064,0.397,1.063,0.525,0.502,-0.193,-0.181,0.349,0.658,0.584
null,null,null,null,null,null,null,null,null,null,null,null,null,null,null,null,null,null,null,null,null,null,null,null,null,null,null,null,-0.048,-0.107,-0.081,-0.044,-0.026,-0.03,-0.039,-0.049,-0.064,-0.148,-0.118,-0.22,-0.162,-0.177,-0.184,-0.167,-0.078,-0.083,-0.09,-0.112,0.015,-0.054,-0.016,0.24,0.324,0.34,-0.261,0.041,0.259,-0.015,-0.115,-0.122,-0.157,-0.23,-0.294,-0.339,-0.512,-0.365,0.122,0.561,0.656,1.038,1.015,0.271,-0.362,-0.172,-0.128,-0.34
null,null,null,null,null,null,null,null,null,null,null,null,null,null,null,null,null,null,null,null,null,null,null,null,null,null,null,null,-0.094,-0.221,-0.143,-0.129,-0.104,-0.045,-0.057,-0.141,-0.35,-0.358,-0.223,-0.311,-0.255,-0.336,-0.37,-0.097,0.057,0.234,0.248,0.116,0.218,0.222,-0.143,-0.079,0.171,0.109,0.066,0.159,0.012,-0.426,-0.592,-0.795,-0.679,-0.494,-0.646,-0.963,-1.048,-0.817,-0.531,-0.082,0.336,0.459,0.805,0.948,-0.075,-0.368,-0.322,-0.582
null,null,null,null,null,null,null,null,null,null,null,null,null,null,null,null,null,null,null,null,null,null,null,null,null,null,null,null,-0.187,-0.229,-0.13,-0.081,-0.104,-0.201,-0.252,-0.306,-0.183,-0.277,-0.309,-0.138,-0.056,-0.241,-0.032,-0.112,0.039,-0.027,-0.072,-0.08,-0.005,-0.262,-0.193,-0.139,-0.148,0.051,0.156,0.122,0.075,-0.415,-0.654,-0.618,-0.545,-0.536,-0.321,-0.05,-0.024,-0.476,-0.614,-0.43,-0.263,0.053,0.154,0.318,0.942,0.101,-0.213,-0.529
null,null,null,null,null,null,null,null,null,null,null,null,null,null,null,null,null,null,null,null,null,null,null,null,null,null,null,-0.067,-0.21,-0.18,-0.12,-0.117,-0.172,-0.212,-0.371,-0.256,-0.457,-0.531,-0.323,-0.335,-0.259,-0.115,0.326,0.606,0.369,-0.239,-0.396,-0.395,-0.452,-0.194,0.094,0.153,0.346,0.174,0.025,0.067,0.177,0.119,0.182,0.365,0.471,0.366,0.174,0.233,0.048,-0.109,-0.271,-0.457,-0.663,-0.403,-0.181,0.063,0.367,0.223,0.007,-0.159
null,null,null,null,null,null,null,null,null,null,null,null,null,null,null,null,null,null,null,null,null,null,null,null,null,null,-0.109,-0.174,-0.178,-0.122,-0.139,-0.227,-0.36,-0.384,-0.333,-0.272,-0.219,-0.069,-0.217,-0.28,-0.095,0.083,0.08,-0.042,0.066,0.123,-0.01,0.012,0.067,-0.104,0.221,0.426,0.477,0.567,0.639,0.676,0.721,0.899,0.833,0.347,0.176,0.284,0.594,0.284,0.053,0.175,0.133,-0.218,-0.856,-1.033,-0.631,-0.335,-0.178,-0.006,0.046,0.185
null,null,null,null,null,null,null,null,null,null,null,null,null,null,null,null,null,null,null,null,null,null,null,-0.018,null,-0.03,-0.098,-0.146,-0.154,-0.177,-0.23,-0.339,-0.374,-0.361,-0.327,0.098,0.343,0.138,-0.084,-0.231,-0.287,-0.229,-0.262,-0.259,-0.14,-0.144,-0.025,0.017,-0.159,0.234,0.11,-0.025,0.064,0.086,0.248,0.43,0.559,0.499,0.214,0.141,0.359,0.535,0.323,0.442,0.74,0.643,0.392,0.251,-0.011,-0.556,-1.017,-1.148,-0.775,-0.334,0.076,0.601
null,null,null,null,null,null,null,null,null,null,null,null,null,null,null,null,null,null,0.009,null,null,null,null,null,0.035,-0.007,-0.089,-0.132,-0.217,-0.307,-0.367,-0.367,-0.237,0.289,0.607,0.201,-0.04,-0.083,-0.024,-0.216,-0.218,-0.18,-0.264,-0.406,-0.409,-0.435,-0.19,-0.306,-0.131,-0.207,-0.189,-0.159,-0.262,-0.148,0.476,0.915,0.83,0.743,0.838,0.688,0.559,0.484,0.55,0.766,0.615,0.741,0.636,0.298,0.192,0.33,0.449,0.17,0.094,0.133,0.343,0.513
null,null,null,null,null,null,null,null,null,null,null,null,null,null,null,null,null,null,0.021,null,null,null,null,null,0.032,0.008,-0.05,-0.142,-0.271,-0.398,-0.001,0.428,0.283,0.087,0.297,0.069,-0.07,-0.146,-0.083,0.123,0.177,0.086,-0.142,-0.443,-0.546,-0.113,0.171,-0.074,-0.134,-0.209,-0.369,-0.312,-0.056,0.419,0.464,0.311,0.799,1.007,0.752,0.695,0.72,0.794,0.666,0.467,0.532,0.516,0.317,0.211,0.331,0.347,0.514,0.885,0.966,0.923,1.275,1.653
null,null,null,null,null,null,null,null,null,null,null,null,null,null,null,null,null,null,null,null,null,null,null,null,0.052,0.027,-0.046,-0.099,-0.18,-0.078,0.06,0.133,0.253,0.097,-0.08,-0.166,-0.307,-0.301,0.098,0.291,0.406,0.717,0.666,0.743,0.282,-0.146,-0.282,-0.211,-0.336,-0.423,-0.441,-0.353,-0.212,-0.08,0.092,0.103,-0.221,-0.277,0.2,0.557,0.444,0.108,-0.118,-0.066,0.072,-0.034,0.029,0.139,0.719,0.772,0.401,0.295,0.785,0.498,0.544,0.653
null,null,null,null,null,null,null,null,null,null,null,null,null,null,null,null,null,null,null,0.064,null,null,null,0.041,0.077,-0.003,-0.035,-0.002,-0.022,-0.109,-0.127,-0.373,-0.284,-0.402,-0.453,-0.413,-0.341,-0.038,0.46,0.945,1.233,1.239,1.197,0.898,1.087,1.42,0.504,-0.146,-0.215,-0.364,-0.599,-0.577,-0.595,-0.795,-0.399,0.059,0.083,0.147,0.175,0.001,-0.265,-0.47,-0.519,-0.623,-0.892,-0.418,0.145,0.27,0.352,0.312,0.3,0.508,0.389,0.207,-0.06,-0.23
null,null,null,null,null,null,null,null,null,null,null,null,null,null,null,null,null,null,null,0.105,null,null,0.106,0.149,0.122,0.082,0.124,0.46,0.742,0.698,0.517,-0.194,-0.318,-0.57,-0.433,0.04,0.691,1.195,1.221,1.159,1.021,0.814,0.901,1.076,1.224,1.277,1.39,1.177,0.523,0.399,0.032,-0.254,-0.326,-0.628,-0.948,-0.34,0.05,0.171,0.063,-0.226,-0.551,-0.614,-0.834,-0.509,-0.135,-0.161,0.123,0.333,0.271,0.475,0.673,0.508,0.14,-0.086,-0.277,-0.669
null,null,null,null,null,null,null,null,null,null,null,null,null,null,null,null,null,null,null,0.078,null,null,0.148,0.202,0.172,0.144,0.291,0.669,0.831,0.863,0.935,1.008,1.145,1.144,1.206,1.162,0.851,0.807,0.844,0.844,0.848,0.636,0.615,0.652,0.723,0.657,0.932,1.312,1.57,1.6,0.979,0.575,0.433,0.248,0.036,-0.135,-0.019,0.209,0.121,-0.219,-0.409,-0.42,-0.415,-0.181,-0.352,-0.34,-0.236,-0.112,0.11,0.428,0.629,0.511,0.188,-0.088,-0.278,-0.109
null,null,null,null,null,null,null,null,null,null,null,null,null,null,null,null,null,null,null,0.124,null,0.059,0.233,0.259,0.248,0.319,0.308,0.032,0.14,0.223,0.299,0.464,0.706,0.884,0.994,1.057,1.069,1.073,0.8,0.355,0.285,0.255,0.237,0.504,0.456,0.272,0.169,0.462,0.849,1.267,1.652,1.624,1.438,1.215,0.795,0.62,0.918,0.533,0.272,-0.112,-0.302,-0.307,-0.27,-0.521,-0.59,-0.744,-0.657,-0.375,-0.075,0.109,0.345,0.499,0.396,0.031,-0.075,-0.207
null,null,null,null,null,null,null,null,null,null,null,null,null,null,null,null,null,null,null,0.04,0.125,0.243,0.321,0.33,0.327,0.305,0.186,-0.147,0.096,0.504,1.109,1.794,2.283,2.435,2.475,2.264,1.977,1.104,0.799,0.371,0.325,0.163,0.057,0.163,0.027,0.363,0.58,0.665,0.783,0.934,1.194,1.161,0.871,0.776,0.657,0.897,0.811,0.681,0.464,0.053,-0.287,-0.292,-0.396,-0.571,-0.621,-0.859,-0.777,-0.543,-0.062,0.088,0.145,0.248,0.473,0.339,-0.016,-0.173
null,null,null,null,null,null,null,null,null,null,null,null,null,null,null,null,null,null,null,null,0.016,0.197,0.308,0.343,0.34,0.381,0.108,0.132,1.016,1.794,1.856,1.819,1.882,1.852,1.681,1.251,0.805,0.726,0.612,0.274,-0.257,-0.263,-0.098,-0.242,0.236,0.46,0.369,0.344,0.407,0.794,0.961,0.974,0.793,0.547,0.743,0.893,1.036,0.747,0.412,0.114,-0.273,-0.236,-0.402,-0.515,-0.379,-0.32,-0.154,-0.296,-0.112,0.138,0.218,0.343,0.466,0.545,0.283,-0.004
null,null,null,null,null,null,null,null,null,null,null,null,null,null,null,null,null,null,null,null,null,0.166,0.226,0.272,0.259,0.282,0.31,1.155,1.62,1.575,1.554,1.414,1.252,1.227,1.034,1.005,0.856,0.531,0.441,0.257,0.275,0.187,0.007,-0.035,-0.038,0.241,0.385,0.421,0.254,0.117,0.178,0.333,0.365,0.659,0.771,0.887,0.661,0.25,-0.023,-0.059,-0.269,-0.236,-0.408,-0.276,-0.047,0.242,0.149,0.175,0.104,0.118,0.366,0.549,0.718,0.768,0.611,0.2
null,null,null,null,null,null,null,null,null,null,null,null,null,null,null,null,null,null,null,null,null,0.076,0.212,0.237,0.194,0.401,1.004,1.251,1.176,1.145,1.021,1.114,1.252,0.987,0.62,0.587,0.416,0.384,0.392,0.424,0.187,-0.009,-0.074,0.234,0.156,0.005,-0.128,0.02,-0.05,-0.25,-0.062,0.197,0.405,0.418,0.221,-0.036,-0.506,-0.77,-0.473,-0.287,-0.266,-0.225,-0.3,-0.108,0.172,0.355,0.579,0.559,0.449,0.167,0.261,0.298,0.469,0.664,0.701,0.347
null,null,null,null,null,null,null,null,null,null,null,null,null,null,null,null,null,null,null,null,null,null,0.12,0.191,0.205,0.484,0.86,0.958,0.954,0.671,0.842,1.22,1.156,0.883,0.28,0.084,0.214,0.138,-0.258,-0.351,-0.343,-0.03,0.144,-0.029,-0.266,-0.284,-0.302,-0.112,0.045,0.128,0.356,0.376,0.304,-0.087,-0.489,-1.078,-1.363,-0.897,-0.533,-0.104,0.016,0.346,0.401,0.421,0.692,0.754,0.788,0.715,0.728,0.339,0.157,0.056,0.065,0.091,0.331,0.344
null,null,null,null,null,null,null,null,null,null,null,null,null,null,null,null,null,null,null,null,null,null,0.052,0.131,0.197,0.518,0.667,0.872,0.832,0.483,0.582,0.763,0.699,0.606,0.162,0.04,-0.038,0.047,0.142,0.135,0.107,0.157,-0.123,-0.155,0.074,0.201,0.246,0.378,0.318,0.472,0.487,0.358,0.048,-0.247,-0.644,-0.551,-0.528,-0.394,-0.341,-0.018,0.241,0.418,0.457,0.485,0.559,0.494,0.504,0.481,0.504,0.417,0.243,0.011,-0.111,-0.068,-0.145,0.14
null,null,null,null,null,null,null,null,null,null,null,null,null,null,null,null,null,null,null,null,null,null,0.061,0.27,0.368,0.543,1.005,0.908,0.67,0.405,0.508,0.309,0.276,0.284,-0.037,-0.133,-0.252,0.013,-0.176,0.002,0.118,0.027,-0.075,-0.032,0.059,0.242,0.485,0.489,0.406,0.13,0.03,-0.062,-0.158,-0.063,-0.213,-0.143,0.216,0.369,0.301,0.074,0.127,0.317,0.379,0.294,0.205,0.268,0.392,0.241,0.129,0.261,0.143,0.011,0.048,-0.031,0.313,0.201
null,null,null,null,null,null,null,null,null,null,null,null,null,null,null,null,null,null,null,null,null,null,0.081,0.459,0.771,1.414,1.021,0.68,0.566,0.292,0.419,0.468,0.251,0.239,-0.142,-0.37,0.042,0.228,0.369,0.163,0.009,0.283,0.422,0.174,0.129,0.194,0.087,-0.108,-0.193,-0.28,-0.251,-0.209,-0.177,-0.099,0.095,0.163,0.155,0.212,0.335,0.59,0.587,0.248,0.218,0.038,-0.098,0.218,0.367,0.1,0.099,0.154,0.048,0.153,0.28,0.321,0.267,0.373
null,null,null,null,null,null,null,null,null,null,null,null,null,null,null,null,null,null,null,null,0.108,0.602,1.031,1.098,1.5,1.125,0.856,0.625,0.532,0.388,0.414,0.587,0.376,0.156,-0.106,-0.124,0.059,0.212,0.314,0.488,0.552,0.465,0.449,0.3,0.105,-0.145,-0.551,-0.761,-0.826,-0.993,-0.947,-0.723,-0.4,-0.236,-0.084,0.041,0.106,0.177,0.213,0.371,0.53,0.747,0.483,0.72,0.754,0.61,0.343,0.054,0.063,-0.042,-0.049,0.046,0.074,0.189,0.222,0.355
null,null,null,null,null,null,null,null,null,null,null,null,null,null,null,null,null,null,null,0.221,0.638,0.631,0.916,1.33,1.131,0.954,0.785,0.618,0.481,0.278,0.307,0.379,0.225,0.231,0.12,0.388,0.404,0.42,0.461,0.545,0.647,0.492,0.267,0.255,0.051,-0.156,-0.228,-0.204,-0.281,-0.203,0.267,0.475,0.493,0.524,0.469,0.511,0.304,0.25,0.336,0.408,0.435,0.438,0.788,1.154,1.154,0.775,0.231,0.017,-0.157,-0.243,-0.174,-0.12,0.029,0.063,0.08,0.128
null,null,null,null,null,null,null,null,null,null,null,null,null,null,null,0.106,0.332,0.133,0.4,0.343,0.349,0.962,1.27,1.121,0.813,0.765,0.714,0.516,0.329,0.137,0.225,0.203,0.142,-0.075,0.024,0.036,0.201,0.337,0.586,0.433,0.236,0.078,0.093,0.056,0.082,0.306,0.265,0.101,0.015,0.136,0.322,0.182,0.308,0.313,0.281,0.207,0.168,0.3,0.261,0.146,0.18,0.4,0.462,0.372,0.21,0.239,-0.003,-0.157,-0.32,-0.342,-0.357,-0.262,-0.183,-0.104,-0.192,-0.297
null,null,null,null,null,null,null,null,null,null,null,null,null,0.091,0.433,0.474,0.507,0.598,0.831,0.753,0.972,1.032,0.847,0.672,0.682,0.409,0.249,0.18,0.014,0.115,0.192,0.112,0.055,-0.148,-0.265,-0.091,0.174,0.431,0.43,0.299,0,-0.205,-0.137,0.26,0.511,0.477,0.591,0.73,0.563,0.523,0.273,0.112,0.127,0.036,0.03,0.092,0.191,0.268,0.115,-0.174,-0.177,-0.04,0.073,0.17,0.035,-0.124,-0.153,-0.365,-0.407,-0.374,-0.339,-0.371,-0.552,-0.619,-0.479,-0.358
null,null,null,null,null,null,null,null,null,null,null,null,null,0.364,0.473,0.486,0.593,0.64,0.662,0.666,0.687,0.732,0.708,0.446,0.172,0.105,-0.085,-0.216,-0.186,-0.159,-0.179,-0.06,0.144,0.145,0.285,0.438,0.444,0.388,0.216,0.14,0.019,-0.004,0.087,0.394,0.514,0.325,0.084,0.245,0.321,0.18,-0.121,-0.227,-0.163,-0.024,0.032,0.088,0.192,0.08,0.173,0.284,0.132,-0.12,-0.171,-0.279,-0.338,-0.259,-0.359,-0.463,-0.385,-0.283,-0.157,-0.274,-0.507,-0.64,-0.662,-0.575
