data/gulf-currents.json
{"header": {"parameterCategory":2,"parameterNumber":3,"lo1":-99,"la1":42,"dx":0.15,"dy":0.15,"nx":274,"ny":228,"refTime":"2026-06-23T00:24:52.819Z","forecastTime":0,"source":"illustrative field (tools/generate-field.js)"}, "data":
[rows 154 to 175 of 228, columns 147 to 195 of 274]
0.010000000317468116,0.010000000180181764,0.010000000101482434,0.010000000056720514,0.010000000031459993,0.010000000017315942,0.010000000009458073,0.010000000005126585,0.010000000002757544,0.010000000001471925,0.010000000000779682,0.010000000000409843,0.01000000000021379,0.010000000000110669,0.01000000000005685,0.01000000000002898,0.01000000000001466,0.01000000000000736,0.010000000000003666,0.010000000000001813,0.01000000000000089,0.010000000000000434,0.01000000000000021,0.0100000000000001,0.010000000000000047,0.010000000000000023,0.01000000000000001,0.010000000000000004,0.010000000000000002,0.010000000000000002,0.01,0.01,0.01,0.01,0.01,0.01,0.01,0.01,0.01,0.01,0.01,0.01,0.01,0.01,0.01,0.01,0.01,0.01,0.01
0.010000001340162367,0.010000000776079274,0.010000000445988888,0.010000000254337968,0.010000000143935355,0.010000000080833767,0.010000000045049202,0.010000000024914392,0.01000000001367358,0.010000000007447028,0.010000000004024873,0.010000000002158688,0.010000000001148937,0.010000000000606836,0.010000000000318063,0.010000000000165434,0.01000000000008539,0.010000000000043738,0.010000000000022232,0.010000000000011213,0.010000000000005614,0.010000000000002788,0.010000000000001374,0.010000000000000673,0.010000000000000326,0.010000000000000158,0.01000000000000006,0.010000000000000033,0.01000000000000002,0.01000000000000001,0.010000000000000005,0.010000000000000004,0.010000000000000002,0.010000000000000002,0.01,0.01,0.01,0.01,0.01,0.01,0.01,0.01,0.01,0.01,0.01,0.01,0.01,0.01,0.01
0.010000005365468705,0.010000003170255494,0.010000001858874676,0.010000001081621043,0.010000000624552906,0.01000000035787581,0.010000000203499984,0.010000000114832616,0.01000000006430354,0.010000000035733305,0.010000000019705165,0.010000000010783393,0.010000000005855976,0.010000000003155813,0.010000000001687687,0.010000000000895654,0.01000000000047169,0.010000000000246513,0.010000000000127848,0.010000000000065798,0.010000000000033605,0.010000000000017032,0.010000000000008566,0.010000000000004276,0.010000000000002118,0.010000000000001041,0.010000000000000429,0.010000000000000245,0.010000000000000139,0.010000000000000078,0.010000000000000045,0.010000000000000024,0.010000000000000014,0.010000000000000007,0.010000000000000004,0.010000000000000002,0.010000000000000002,0.01,0.01,0.01,0.01,0.01,0.01,0.01,0.01,0.01,0.01,0.01,0.01
0.010000020372805968,0.010000012282177253,0.010000007347998942,0.010000004362464862,0.010000002570181833,0.01000000150267384,0.010000000871835375,0.010000000501964552,0.010000000286800778,0.01000000016261336,0.010000000091495697,0.01000000005108737,0.010000000028307063,0.010000000015564827,0.010000000008493017,0.010000000004598835,0.010000000002471164,0.01000000000131772,0.010000000000697288,0.010000000000366159,0.010000000000190808,0.010000000000098671,0.010000000000050635,0.010000000000025785,0.010000000000013031,0.010000000000004998,0.010000000000002918,0.010000000000001695,0.01000000000000098,0.010000000000000564,0.010000000000000323,0.010000000000000184,0.010000000000000104,0.01000000000000006,0.010000000000000033,0.01000000000000002,0.01000000000000001,0.010000000000000005,0.010000000000000004,0.010000000000000002,0.010000000000000002,0.01,0.01,0.01,0.01,0.01,0.01,0.01,0.01
0.01000007336466844,0.010000045128340967,0.010000027547421398,0.010000016687129331,0.01000001003116385,0.010000005983977427,0.010000003542398495,0.01000000208100749,0.010000001213161294,0.010000000701830172,0.010000000402915543,0.01000000022954319,0.010000000129772636,0.010000000072806483,0.010000000040534527,0.010000000022394854,0.010000000012278328,0.010000000006680334,0.010000000003606822,0.010000000001932498,0.010000000001027498,0.010000000000542138,0.010000000000283862,0.010000000000147493,0.01000000000007605,0.01000000000003167,0.010000000000018782,0.010000000000011089,0.010000000000006518,0.010000000000003813,0.01000000000000222,0.010000000000001287,0.010000000000000743,0.010000000000000427,0.010000000000000245,0.010000000000000139,0.010000000000000078,0.010000000000000045,0.010000000000000024,0.010000000000000014,0.010000000000000007,0.010000000000000004,0.010000000000000002,0.010000000000000002,0.01,0.01,0.01,0.01,0.01
0.010000250562451131,0.010000157259278157,0.010000097945774609,0.010000060537459249,0.010000037130572792,0.010000022599977109,0.010000013650644485,0.0100000081821424,0.010000004866867744,0.010000002872768306,0.01000000168275199,0.010000000978155699,0.010000000564240349,0.010000000322989547,0.010000000183476684,0.010000000103428752,0.01000000005785882,0.01000000003211927,0.01000000001769414,0.010000000009672992,0.010000000005247587,0.010000000002825048,0.010000000001509244,0.01000000000080013,0.010000000000420948,0.010000000000189573,0.010000000000114258,0.01000000000006855,0.01000000000004094,0.010000000000024338,0.010000000000014404,0.010000000000008485,0.010000000000004975,0.010000000000002904,0.010000000000001688,0.010000000000000977,0.010000000000000562,0.010000000000000323,0.010000000000000184,0.010000000000000104,0.01000000000000006,0.010000000000000033,0.01000000000000002,0.01000000000000001,0.010000000000000005,0.010000000000000004,0.010000000000000002,0.010000000000000002,0.01
0.010000811592323024,0.010000519727961033,0.010000330280805457,0.010000208285773289,0.010000130348133027,0.010000080950376961,0.010000049888644339,0.010000030510772973,0.010000018517114453,0.01000001115223508,0.010000006665288217,0.010000003953158927,0.010000002326686366,0.010000001358937713,0.010000000787642781,0.010000000453030025,0.010000000258578565,0.010000000146462283,0.01000000008232405,0.010000000045919293,0.0100000000254174,0.010000000013961573,0.010000000007610354,0.010000000004116636,0.010000000001742651,0.010000000001072222,0.010000000000656708,0.01000000000040038,0.010000000000242986,0.010000000000146794,0.010000000000088277,0.010000000000052843,0.010000000000031489,0.010000000000018678,0.010000000000011028,0.010000000000006483,0.010000000000003792,0.010000000000002209,0.01000000000000128,0.01000000000000074,0.010000000000000425,0.010000000000000243,0.010000000000000139,0.010000000000000078,0.010000000000000044,0.010000000000000024,0.010000000000000014,0.010000000000000007,0.010000000000000004
0.010002493175069637,0.010001629028840185,0.010001056267297049,0.010000679653997396,0.01000043398109843,0.010000274993587473,0.01000017291913158,0.010000107902663473,0.010000066817440562,0.010000041059718677,0.010000025038624929,0.010000015152115056,0.010000009099221364,0.010000005422546606,0.010000003206788753,0.010000001881937986,0.010000001095993716,0.01000000063340067,0.010000000363259157,0.01000000020673886,0.01000000011676026,0.010000000065438792,0.010000000036395078,0.010000000020087094,0.010000000009164288,0.010000000005729958,0.010000000003566292,0.010000000002209504,0.010000000001362652,0.010000000000836541,0.010000000000511213,0.010000000000310977,0.010000000000188308,0.010000000000113507,0.010000000000068105,0.010000000000040678,0.010000000000024186,0.010000000000014313,0.010000000000008433,0.010000000000004946,0.010000000000002887,0.010000000000001678,0.01000000000000097,0.010000000000000559,0.010000000000000321,0.010000000000000182,0.010000000000000104,0.01000000000000006,0.010000000000000033
0.01000726374378037,0.010004842552551666,0.010003203739482953,0.010002103337607645,0.010001370344115215,0.010000885970098013,0.010000568430243682,0.010000361912754318,0.010000228664692178,0.01000014337147522,0.010000089206135609,0.010000055080127282,0.010000033749184782,0.01000002052105507,0.01000001238237737,0.010000007414403855,0.010000004405712906,0.0100000025979082,0.010000001520193803,0.010000000882757792,0.010000000508688012,0.010000000290889923,0.010000000165071835,0.01000000007133883,0.010000000045534918,0.010000000028931822,0.010000000018298672,0.01000000001152062,0.01000000000722012,0.01000000000450428,0.010000000002797167,0.010000000001729115,0.010000000001063998,0.010000000000651734,0.010000000000397385,0.010000000000241193,0.010000000000145724,0.01000000000008764,0.010000000000052469,0.010000000000031267,0.010000000000018548,0.010000000000010953,0.010000000000006438,0.010000000000003768,0.010000000000002195,0.010000000000001272,0.010000000000000734,0.010000000000000422,0.010000000000000241
0.01002007063649769,0.010013652518762396,0.010009215807736603,0.010006173378899967,0.01000410375363015,0.010002707125315249,0.010001772164722091,0.010001151246631,0.010000742166123296,0.010000474790761445,0.010000301419732028,0.010000189893147209,0.010000118717571517,0.010000073652707905,0.010000045345097365,0.010000027703826934,0.010000016796426692,0.010000010105589131,0.010000006033563344,0.01000000357481452,0.010000002101843812,0.010000001226350324,0.01000000071006112,0.010000000329572573,0.010000000213770689,0.010000000138025034,0.010000000088711535,0.01000000005675639,0.010000000036146128,0.010000000022915064,0.010000000014460806,0.010000000009083977,0.010000000005680304,0.01000000000353573,0.010000000002190777,0.01000000000135123,0.010000000000829606,0.01000000000050702,0.010000000000308455,0.010000000000186797,0.010000000000112605,0.01000000000006757,0.010000000000040362,0.010000000000023998,0.010000000000014204,0.010000000000008369,0.010000000000004908,0.010000000000002866,0.010000000000001666
0.010052596234625793,0.010036504304954801,0.01002514215285062,0.01001718421531199,0.010011655360978157,0.010007844954789038,0.01000523990927466,0.010003473166531315,0.010002284524787238,0.010001491195134138,0.010000965920369965,0.01000062089236808,0.010000396058531525,0.010000250709264129,0.010000157488646804,0.010000098173863225,0.010000060730963406,0.010000037281383224,0.010000022711264612,0.010000013729602549,0.010000008236483903,0.010000004903349784,0.010000002896749348,0.010000001438579454,0.010000000948220726,0.010000000622153596,0.010000000406348146,0.010000000264186949,0.010000000170976629,0.010000000110147431,0.01000000007063568,0.010000000045090593,0.010000000028652313,0.010000000018123635,0.010000000011411499,0.010000000007152399,0.01000000000446244,0.010000000002771433,0.010000000001713357,0.010000000001054393,0.010000000000645905,0.010000000000393862,0.010000000000239075,0.010000000000144454,0.010000000000086884,0.01000000000005202,0.010000000000031001,0.010000000000018392,0.010000000000010861
0.010130719697533626,0.010092569568553195,0.01006505255444917,0.0100453658754125,0.010031395179944131,0.010021560821822616,0.010014693870559357,0.010009937464375458,0.010006669347478913,0.010004441804083287,0.010002935645790512,0.010001925378036678,0.010001253130739922,0.010000809365459653,0.01000051875317012,0.010000329947297024,0.010000208255269195,0.010000130441243893,0.010000081077671849,0.010000050009775593,0.010000030610874224,0.010000018593606748,0.010000008817244879,0.010000005932999908,0.010000003974005078,0.010000002649689872,0.01000000175862863,0.010000001161891592,0.010000000764133724,0.010000000500247954,0.010000000325996834,0.010000000211472284,0.01000000013655432,0.01000000008777468,0.010000000056162289,0.010000000035771072,0.010000000022679353,0.010000000014313334,0.010000000008992123,0.010000000005623347,0.01000000000350057,0.01000000000216917,0.01000000000133801,0.010000000000821553,0.010000000000502138,0.010000000000305506,0.010000000000185024,0.010000000000111545,0.010000000000066938
0.010308120275868596,0.010222630796957599,0.010159631676589693,0.010113585186423921,0.010080203443564906,0.01005619956421982,0.010039078816684244,0.010026966109615407,0.010018465604496788,0.010012548072344503,0.010008461720094801,0.01000566250186722,0.010003760330579807,0.010002478058542577,0.010001620559069498,0.010001051685379923,0.010000677289546178,0.010000432842971073,0.010000274507188794,0.010000172760448952,0.010000107895185515,0.010000066869309461,0.010000033810576797,0.010000023119185174,0.010000015736388727,0.010000010662281608,0.010000007191304148,0.010000004828113952,0.010000003226707683,0.010000002146613717,0.010000001421543817,0.010000000937084126,0.010000000614906093,0.010000000401652802,0.010000000261158699,0.010000000169032332,0.010000000108904684,0.010000000069844904,0.010000000044589662,0.01000000002833641,0.010000000017925304,0.010000000011287537,0.010000000007075266,0.010000000004414658,0.010000000002741965,0.010000000001695264,0.010000000001043334,0.010000000000639175,0.010000000000389786
0.01068879879236235,0.010507802786503267,0.010371506668987934,0.010269716114884418,0.01019431925464501,0.010138929140343589,0.010098568771422088,0.010069399082790418,0.010048488239738826,0.01003361919523795,0.010023131634490088,0.010015794044107735,0.01001070158959758,0.010007195667032185,0.010004801329899764,0.010003179213222708,0.010002089032910253,0.010001362191983863,0.010000881451995356,0.010000566012743337,0.010000360678988112,0.010000175486690029,0.010000122498270559,0.010000085119369048,0.010000058876151277,0.010000040538056278,0.010000027784260002,0.010000018956015847,0.010000012873822508,0.010000008703222879,0.010000005856858543,0.010000003923388474,0.010000002616192768,0.010000001736560526,0.010000001147418284,0.010000000754684038,0.010000000494105876,0.010000000322022508,0.010000000208912145,0.010000000134912531,0.010000000086726522,0.010000000055496104,0.01000000003534955,0.010000000022413824,0.010000000014146814,0.01000000000888816,0.010000000005558727,0.010000000003460581,0.010000000002144535
0.01146035123746401,0.011098494147211344,0.010819986994346905,0.010607414125758767,0.010446510246914512,0.010325721557681411,0.010235792516260462,0.010169387703851843,0.010120754132526288,0.010085426042554713,0.010059971738953368,0.010041780243677913,0.010028884387990216,0.010019816326396586,0.010013491206776703,0.010009114776481384,0.010006110949804598,0.010004065732239819,0.010002684331128458,0.010001758735582556,0.010001143489158523,0.010000591154150636,0.010000419338784282,0.010000296102418533,0.010000208128438678,0.01000014562413537,0.01000010142561907,0.010000070319254714,0.010000048530307734,0.010000033339872413,0.010000022799579166,0.010000015520354719,0.010000010516912813,0.010000007093925541,0.010000004763175691,0.010000003183597088,0.010000002118122226,0.010000001402798376,0.010000000924806142,0.010000000606900174,0.01000000039645584,0.01000000025780021,0.010000000166871624,0.010000000107520775,0.010000000068962473,0.010000000044029496,0.010000000027982396,0.010000000017702569,0.01000000001114802
0.012936399271631779,0.012253685110852959,0.011716485409478,0.01129734553973312,0.010973060376724079,0.01072425650221487,0.01053495027659752,0.010392105322250236,0.010285207060426703,0.010205866616978561,0.010147461826054645,0.010104819290274136,0.010073938502598835,0.010051756847577137,0.010035952790938035,0.010024783630600987,0.010016953706707554,0.01001150884440858,0.010007752932069541,0.01000518283444677,0.010003438235985115,0.010001881546723155,0.01000135630636419,0.010000973224866287,0.010000695154138971,0.010000494266823794,0.010000349827665341,0.010000246467180104,0.010000172852714161,0.010000120671685988,0.010000083858392789,0.010000058009559843,0.010000039945180802,0.01000002738047007,0.010000018682242155,0.01000001268903461,0.010000008579056988,0.010000005773800922,0.01000000386807811,0.010000002579524965,0.010000001712360485,0.010000001131518116,0.010000000744283798,0.010000000487333478,0.01000000031763214,0.010000000206078663,0.010000000133091982,0.010000000085561997,0.010000000054754519
0.015599712404270816,0.014385120537515702,0.013407736936782166,0.01262796280028229,0.01201113350986939,0.011527323517585671,0.011151037657858048,0.010860827812786118,0.0106388681230755,0.010470515813327343,0.01034387864641762,0.010249404379448039,0.010179502592313644,0.010128205027719684,0.010090867163064213,0.01006391110971492,0.01004460803771656,0.010030897059208448,0.010021236763354284,0.010014485268740688,0.010007689150229237,0.010005658313049717,0.010004144844645985,0.010003022331646103,0.010002193756743431,0.010001585065525441,0.010001140035261364,0.010000816209359505,0.01000058169721915,0.010000412671467921,0.010000291423011693,0.010000204859019585,0.0100001433501295,0.010000099851074546,0.010000069233924491,0.010000047785552319,0.010000032831114086,0.010000022453594564,0.010000015286120297,0.010000010359044593,0.010000006988002574,0.010000004692423743,0.010000003136549113,0.010000002086976448,0.010000001382271887,0.010000000911338583,0.010000000598103404,0.01000000039073553,0.010000000254096992
0.020127661083222906,0.018092126054509355,0.01641630192576926,0.015048653085746013,0.013942164684984892,0.013054656655143234,0.012348866619025033,0.011792348805999945,0.011357234319973172,0.011019894305064618,0.010760542407737864,0.010562807064493996,0.010413298074240957,0.010301186053999082,0.010217808020533955,0.010156307675999565,0.010111315096307989,0.010078667444404648,0.010055170017717174,0.010038395311939114,0.010021499556141093,0.010016077430170458,0.010011967857276208,0.010008868061910774,0.010006541140691267,0.010004802757236544,0.010003510266272136,0.010002553887005099,0.010001849589683549,0.01000133340204324,0.010000956882802798,0.01000068354671111,0.010000486059420409,0.010000344050466247,0.010000242418888687,0.010000170028678264,0.010000118710522372,0.010000082502567299,0.010000057076431628,0.010000039305847036,0.010000026944392238,0.010000018386133087,0.010000012488867815,0.010000008444351177,0.010000005683553267,0.010000003807885634,0.010000002539557504,0.01000000168594063,0.010000001114131494
0.02737182355980837,0.02416238961438283,0.021457669699989506,0.019198660761032053,0.01732860579316818,0.015794106637983397,0.014545899997938917,0.013539333196876877,0.012734582967828442,0.012096663556251032,0.011595270292796042,0.011204502205654186,0.010902502910940007,0.010671053600885766,0.010495146023383101,0.010362557388053778,0.010263443505342432,0.010189961416003028,0.010135928447010348,0.01007440213381145,0.01005679869334714,0.010043162241023734,0.010032649928022951,0.010024585157040048,0.010018427913875787,0.01001374965183265,0.010010212203930545,0.010007550216685788,0.010005556629237501,0.010004070759050193,0.010002968597058537,0.010002154958398323,0.010001557177831662,0.010001120080197722,0.010000801994722567,0.010000571617194181,0.01000040555553753,0.01000028642212392,0.010000201360301346,0.010000140913337823,0.0100000981615031,0.010000068067693393,0.010000046984162602,0.010000032282893652,0.010000022080241077,0.010000015032992407,0.010000010188194252,0.010000006873200677,0.010000004615627328
0.03826015013883082,0.03350732559145599,0.029404415793219056,0.025895215640664312,0.02292113573512624,0.020423252881823326,0.018343996025204833,0.016628466060238167,0.01522540581365153,0.014087850018764541,0.013173494327806816,0.012444827621643876,0.011869073602007405,0.011417986526495297,0.01106754266522808,0.010797564303721424,0.01059130751505085,0.010435039011282378,0.010317621587127184,0.01018275674727407,0.010141776710424408,0.010109483589764155,0.010084160001462944,0.010064398377558584,0.010049051976981464,0.010037192075511082,0.010028070912675489,0.010021089912556477,0.010015772664291578,0.010011742140735289,0.010008701644731815,0.010006418996860207,0.010004713512124824,0.010003445352360347,0.010002506883254525,0.010001815707639868,0.010001309088401111,0.010000939513804102,0.010000671194494234,0.010000477314387687,0.010000337886994134,0.010000238094368017,0.010000167008029965,0.010000116610068699,0.010000081048521969,0.010000056074366773,0.010000038618354594,0.010000026474827556,0.010000018066847347
0.05360098656063079,0.04700519395988725,0.04116718681839263,0.036049595543007976,0.03160591859739411,0.027783316777617993,0.024525161804260225,0.021773274866961408,0.01946981690607815,0.0175588160706966,0.015987337935187734,0.014706320096639991,0.013671104512995077,0.012841708508465177,0.0121828791570337,0.011663976320036209,0.011258727620389809,0.01094489477153137,0.010703885601768885,0.010424149690826636,0.010334371414251772,0.010262392705672804,0.010204968402470649,0.010159380259817094,0.010123365724158827,0.010095053206685582,0.010072903977067124,0.010055660584731464,0.010042301552901114,0.010032001973777427,0.010024099555440898,0.01001806562588352,0.010013480580966242,0.010010013265274462,0.010007403792666068,0.010005449342260516,0.010003992501879602,0.010002911771376716,0.010002113880378895,0.01000152761679717,0.010001098902632247,0.010000786891149216,0.010000560893814814,0.010000397976170321,0.010000281088964204,0.010000197624466595,0.010000138308124866,0.01000009635286199,0.010000066817675382
0.07379857157567567,0.06524779071652649,0.057477450095663705,0.050488181892534637,0.04426395513769361,0.03877497437116939,0.03398062730715725,0.029832350067390774,0.02627630311413913,0.0232557776214559,0.020713278675901815,0.01859225672867516,0.016838480861187045,0.015401065831688671,0.014233179109000604,0.013292464104645019,0.012541221821609844,0.011946395604317712,0.011155704454872213,0.010930084897441423,0.010745094026147334,0.010594171982628494,0.010471656441679836,0.010372693481252917,0.010293150176515845,0.010229530694449727,0.010178897197587472,0.010138796453092043,0.010107192689734585,0.010082406950698487,0.010063062952310126,0.010048039273788388,0.01003642756569325,0.01002749636900098,0.010020660076405537,0.010015452536356552,0.01001150479261283,0.010008526462326351,0.010006290279089891,0.010004619359861439,0.010003376792777506,0.01000245718379801,0.010001779841707468,0.010001283321595526,0.01000092108538946,0.010000658073543812,0.010000468014160949,0.010000331324427682,0.010000233484305109
