data/gulf-currents.2010.json
{"header": {"parameterCategory": 2, "parameterNumber": 3, "lo1": -98.0, "la1": 31.960647583007812, "dx": 0.03999999825281041, "dy": 0.03611718614896139, "nx": 525, "ny": 385, "refTime": "2010-06-15T00:00:00Z", "forecastTime": 0, "source": "HYCOM-TSIS GOMb0.04 1/25deg Gulf of Mexico Reanalysis (dataset GOMb0.04-reanalysis-2010-3z, experiment 01.0); https://tds.hycom.org/thredds/dodsC/GOMb0.04/reanalysis/2010/3z; snapshot 2010-06-15T00:00:00Z; bbox W-98.0 E-77.0 S18.0 N31.0; accessed 2026-06-23"}, "data":
[rows 340 to 373 of 385, columns 76 to 151 of 525]
0.322,0.334,0.34,0.341,0.337,0.328,0.316,0.301,0.285,0.263,0.246,0.226,0.209,0.192,0.177,0.166,0.149,0.127,0.102,0.077,0.053,0.034,0.025,0.022,0.024,0.028,0.037,0.047,0.057,0.061,0.065,0.065,0.072,0.087,0.099,0.097,0.086,0.066,0.052,0.039,0.037,0.032,0.025,0.009,-0.01,-0.022,-0.025,-0.025,-0.046,-0.053,-0.07,-0.057,-0.054,-0.029,0.007,0.033,0.031,0.018,-0.029,-0.08,-0.075,-0.072,-0.082,-0.097,-0.112,-0.113,-0.13,-0.146,-0.178,-0.207,-0.23,-0.252,-0.279,-0.286,-0.294,-0.311
0.308,0.321,0.331,0.337,0.336,0.333,0.326,0.315,0.306,0.293,0.276,0.256,0.238,0.223,0.208,0.194,0.17,0.144,0.118,0.092,0.069,0.05,0.04,0.034,0.032,0.036,0.041,0.049,0.055,0.062,0.062,0.058,0.055,0.068,0.082,0.087,0.08,0.065,0.051,0.038,0.034,0.026,0.022,0.009,-0.01,-0.025,-0.028,-0.029,-0.05,-0.051,-0.07,-0.062,-0.05,-0.022,0.017,0.043,0.045,0.034,-0.02,-0.082,-0.087,-0.078,-0.082,-0.084,-0.096,-0.107,-0.128,-0.164,-0.203,-0.232,-0.244,-0.257,-0.268,-0.273,-0.285,-0.301
0.288,0.304,0.319,0.329,0.333,0.335,0.329,0.324,0.324,0.317,0.305,0.287,0.268,0.251,0.234,0.215,0.189,0.159,0.131,0.106,0.084,0.066,0.055,0.046,0.044,0.045,0.043,0.046,0.048,0.049,0.047,0.039,0.03,0.037,0.057,0.069,0.071,0.067,0.056,0.047,0.037,0.024,0.014,0.002,-0.009,-0.021,-0.025,-0.029,-0.048,-0.052,-0.07,-0.065,-0.045,-0.016,0.015,0.034,0.038,0.031,-0.031,-0.09,-0.099,-0.089,-0.088,-0.089,-0.101,-0.125,-0.154,-0.191,-0.217,-0.238,-0.244,-0.258,-0.261,-0.268,-0.273,-0.278
0.261,0.28,0.3,0.313,0.322,0.325,0.322,0.324,0.331,0.332,0.326,0.314,0.295,0.272,0.253,0.231,0.205,0.175,0.147,0.122,0.1,0.082,0.068,0.056,0.054,0.047,0.043,0.036,0.035,0.028,0.026,0.015,0.001,0.005,0.031,0.054,0.066,0.067,0.06,0.052,0.038,0.022,0.003,-0.009,-0.015,-0.017,-0.019,-0.03,-0.046,-0.057,-0.073,-0.065,-0.047,-0.021,-0.003,0.007,0.014,0.0,-0.066,-0.107,-0.109,-0.103,-0.105,-0.114,-0.128,-0.149,-0.176,-0.206,-0.226,-0.237,-0.233,-0.233,-0.233,-0.238,-0.251,-0.274
0.229,0.249,0.271,0.288,0.3,0.307,0.308,0.313,0.324,0.332,0.333,0.329,0.316,0.293,0.271,0.246,0.223,0.192,0.164,0.135,0.114,0.095,0.082,0.067,0.059,0.044,0.037,0.023,0.019,0.01,0.008,-0.004,-0.016,-0.012,0.018,0.047,0.062,0.065,0.056,0.049,0.034,0.018,-0.003,-0.018,-0.026,-0.023,-0.018,-0.036,-0.046,-0.061,-0.073,-0.067,-0.051,-0.035,-0.031,-0.025,-0.013,-0.047,-0.111,-0.132,-0.129,-0.128,-0.135,-0.148,-0.158,-0.17,-0.186,-0.196,-0.201,-0.188,-0.187,-0.186,-0.201,-0.231,-0.266,-0.295
0.199,0.219,0.24,0.258,0.27,0.281,0.287,0.293,0.305,0.318,0.326,0.331,0.329,0.316,0.291,0.266,0.241,0.21,0.18,0.15,0.126,0.106,0.094,0.076,0.062,0.04,0.029,0.012,0.008,-0.0,-0.002,-0.013,-0.018,-0.011,0.019,0.045,0.054,0.052,0.039,0.033,0.022,0.004,-0.003,-0.016,-0.027,-0.026,-0.02,-0.039,-0.042,-0.059,-0.068,-0.064,-0.055,-0.053,-0.056,-0.047,-0.04,-0.1,-0.148,-0.156,-0.156,-0.16,-0.167,-0.177,-0.182,-0.183,-0.179,-0.164,-0.139,-0.139,-0.162,-0.186,-0.224,-0.266,-0.287,-0.287
0.175,0.197,0.215,0.23,0.241,0.251,0.26,0.267,0.277,0.289,0.301,0.316,0.327,0.327,0.309,0.283,0.255,0.227,0.195,0.169,0.141,0.117,0.099,0.077,0.059,0.037,0.023,0.007,0.004,-0.002,-0.006,-0.011,-0.013,-0.005,0.017,0.036,0.039,0.032,0.018,0.014,0.005,-0.007,-0.0,0.0,-0.009,-0.009,-0.011,-0.023,-0.035,-0.053,-0.06,-0.061,-0.063,-0.07,-0.07,-0.054,-0.076,-0.141,-0.166,-0.165,-0.177,-0.188,-0.193,-0.201,-0.197,-0.175,-0.149,-0.129,-0.122,-0.171,-0.186,-0.216,-0.249,-0.271,-0.273,-0.263
0.156,0.18,0.199,0.211,0.217,0.222,0.231,0.237,0.243,0.25,0.26,0.278,0.302,0.32,0.319,0.298,0.27,0.245,0.215,0.193,0.163,0.136,0.105,0.08,0.056,0.035,0.02,0.008,0.005,0.002,-0.005,-0.008,-0.012,-0.007,0.007,0.022,0.029,0.026,0.019,0.013,0.002,0.002,0.006,0.022,0.013,0.017,0.007,0.0,-0.027,-0.052,-0.056,-0.064,-0.074,-0.083,-0.075,-0.07,-0.12,-0.164,-0.174,-0.18,-0.201,-0.209,-0.218,-0.223,-0.204,-0.155,-0.128,-0.135,-0.167,-0.204,-0.2,-0.226,-0.244,-0.26,-0.261,-0.254
0.139,0.165,0.186,0.198,0.2,0.198,0.201,0.203,0.205,0.209,0.216,0.234,0.267,0.31,0.336,0.33,0.306,0.278,0.243,0.215,0.188,0.162,0.124,0.093,0.057,0.035,0.017,0.008,0.007,0.006,0.001,-0.003,-0.009,-0.009,0.005,0.021,0.038,0.042,0.044,0.044,0.037,0.037,0.035,0.048,0.039,0.034,0.02,0.012,-0.023,-0.044,-0.055,-0.068,-0.085,-0.089,-0.08,-0.106,-0.159,-0.174,-0.18,-0.205,-0.229,-0.236,-0.247,-0.236,-0.195,-0.141,-0.147,-0.173,-0.197,-0.2,-0.208,-0.232,-0.241,-0.25,-0.257,-0.254
0.126,0.151,0.172,0.186,0.19,0.186,0.183,0.181,0.178,0.18,0.188,0.207,0.246,0.31,0.366,0.386,0.372,0.338,0.29,0.243,0.213,0.184,0.151,0.114,0.074,0.041,0.015,0.003,-0.0,-0.004,-0.001,-0.001,-0.003,-0.005,0.012,0.037,0.066,0.078,0.084,0.096,0.1,0.099,0.087,0.084,0.075,0.055,0.033,0.007,-0.023,-0.036,-0.058,-0.075,-0.094,-0.09,-0.098,-0.144,-0.178,-0.172,-0.182,-0.222,-0.251,-0.26,-0.251,-0.218,-0.162,-0.15,-0.189,-0.191,-0.193,-0.195,-0.215,-0.233,-0.234,-0.238,-0.247,-0.244
0.118,0.142,0.161,0.175,0.182,0.182,0.179,0.177,0.174,0.172,0.181,0.202,0.245,0.32,0.403,0.447,0.453,0.421,0.356,0.292,0.246,0.21,0.178,0.138,0.099,0.057,0.021,-0.006,-0.016,-0.024,-0.015,-0.012,-0.009,-0.012,0.009,0.044,0.089,0.114,0.121,0.136,0.148,0.156,0.139,0.126,0.114,0.088,0.048,-0.002,-0.027,-0.042,-0.067,-0.088,-0.096,-0.096,-0.125,-0.166,-0.178,-0.172,-0.189,-0.232,-0.254,-0.246,-0.221,-0.192,-0.159,-0.185,-0.214,-0.187,-0.186,-0.194,-0.206,-0.205,-0.2,-0.205,-0.209,-0.205
0.115,0.138,0.156,0.17,0.178,0.183,0.184,0.185,0.185,0.185,0.193,0.213,0.257,0.336,0.432,0.488,0.515,0.499,0.429,0.35,0.289,0.245,0.205,0.162,0.117,0.079,0.039,-0.001,-0.023,-0.033,-0.027,-0.03,-0.028,-0.028,-0.002,0.037,0.089,0.129,0.144,0.154,0.168,0.183,0.171,0.161,0.14,0.105,0.059,0.002,-0.025,-0.046,-0.077,-0.093,-0.096,-0.107,-0.142,-0.166,-0.173,-0.178,-0.202,-0.234,-0.235,-0.219,-0.197,-0.189,-0.184,-0.199,-0.197,-0.174,-0.159,-0.157,-0.152,-0.132,-0.14,-0.148,-0.156,-0.159
0.117,0.137,0.157,0.171,0.181,0.189,0.196,0.204,0.209,0.213,0.222,0.242,0.284,0.356,0.447,0.505,0.545,0.556,0.502,0.413,0.336,0.282,0.232,0.185,0.132,0.097,0.059,0.019,-0.014,-0.031,-0.037,-0.048,-0.054,-0.047,-0.02,0.025,0.082,0.131,0.149,0.153,0.162,0.183,0.169,0.164,0.138,0.099,0.059,0.006,-0.021,-0.049,-0.08,-0.088,-0.098,-0.116,-0.145,-0.169,-0.184,-0.195,-0.218,-0.234,-0.222,-0.207,-0.181,-0.176,-0.169,-0.185,-0.157,-0.15,-0.118,-0.108,-0.098,-0.079,-0.105,-0.116,-0.133,-0.142
0.117,0.137,0.157,0.171,0.181,0.189,0.196,0.204,0.209,0.213,0.222,0.242,0.284,0.356,0.447,0.505,0.545,0.556,0.502,0.413,0.336,0.282,0.232,0.185,0.132,0.097,0.059,0.019,-0.014,-0.031,-0.037,-0.048,-0.054,-0.047,-0.02,0.025,0.082,0.131,0.149,0.153,0.162,0.183,0.169,0.164,0.138,0.099,0.059,0.006,-0.021,-0.049,-0.08,-0.088,-0.098,-0.116,-0.145,-0.169,-0.184,-0.195,-0.218,-0.234,-0.222,-0.207,-0.181,-0.176,-0.169,-0.185,-0.157,-0.15,-0.118,-0.108,-0.098,-0.079,-0.105,-0.116,-0.133,-0.142
0.127,0.144,0.164,0.18,0.191,0.201,0.212,0.227,0.241,0.25,0.262,0.281,0.321,0.384,0.461,0.513,0.559,0.59,0.568,0.485,0.393,0.324,0.266,0.209,0.154,0.114,0.076,0.037,-0.0,-0.026,-0.045,-0.065,-0.079,-0.066,-0.039,0.011,0.078,0.136,0.141,0.135,0.134,0.16,0.154,0.142,0.115,0.082,0.041,-0.009,-0.044,-0.069,-0.087,-0.094,-0.107,-0.126,-0.157,-0.183,-0.197,-0.211,-0.232,-0.231,-0.21,-0.185,-0.155,-0.143,-0.137,-0.162,-0.138,-0.126,-0.099,-0.089,-0.088,-0.084,-0.108,-0.119,-0.13,-0.14
0.14,0.158,0.179,0.196,0.208,0.218,0.232,0.249,0.268,0.287,0.303,0.323,0.359,0.411,0.48,0.524,0.568,0.608,0.614,0.557,0.458,0.374,0.31,0.246,0.185,0.137,0.092,0.051,0.011,-0.022,-0.05,-0.076,-0.093,-0.081,-0.047,0.007,0.082,0.138,0.126,0.107,0.102,0.125,0.142,0.122,0.086,0.048,0.002,-0.048,-0.091,-0.103,-0.106,-0.109,-0.119,-0.144,-0.175,-0.187,-0.2,-0.225,-0.237,-0.22,-0.184,-0.15,-0.124,-0.125,-0.133,-0.149,-0.135,-0.114,-0.094,-0.093,-0.098,-0.106,-0.118,-0.118,-0.121,-0.136
0.151,0.17,0.194,0.211,0.223,0.234,0.251,0.269,0.287,0.312,0.336,0.362,0.391,0.436,0.497,0.533,0.567,0.61,0.637,0.609,0.519,0.428,0.362,0.292,0.225,0.16,0.108,0.062,0.015,-0.025,-0.062,-0.088,-0.103,-0.088,-0.054,0.01,0.085,0.124,0.103,0.07,0.069,0.091,0.127,0.108,0.068,0.023,-0.029,-0.076,-0.12,-0.121,-0.114,-0.115,-0.131,-0.158,-0.178,-0.19,-0.212,-0.235,-0.23,-0.198,-0.146,-0.117,-0.114,-0.132,-0.14,-0.143,-0.128,-0.107,-0.096,-0.099,-0.109,-0.12,-0.119,-0.107,-0.109,-0.128
0.15,0.172,0.197,0.215,0.228,0.243,0.263,0.282,0.297,0.321,0.35,0.384,0.413,0.454,0.502,0.529,0.551,0.59,0.634,0.642,0.573,0.48,0.411,0.338,0.267,0.189,0.123,0.074,0.021,-0.031,-0.074,-0.102,-0.114,-0.095,-0.058,0.013,0.078,0.101,0.08,0.039,0.041,0.075,0.123,0.096,0.048,0.009,-0.04,-0.082,-0.12,-0.11,-0.102,-0.107,-0.136,-0.163,-0.185,-0.207,-0.227,-0.233,-0.205,-0.155,-0.118,-0.113,-0.122,-0.13,-0.143,-0.134,-0.116,-0.094,-0.093,-0.097,-0.116,-0.124,-0.113,-0.096,-0.099,-0.118
0.143,0.166,0.193,0.213,0.226,0.241,0.263,0.282,0.292,0.314,0.346,0.387,0.42,0.461,0.493,0.513,0.526,0.556,0.607,0.652,0.621,0.534,0.458,0.382,0.302,0.218,0.137,0.081,0.029,-0.031,-0.075,-0.106,-0.119,-0.105,-0.063,0.005,0.054,0.068,0.062,0.037,0.045,0.096,0.137,0.097,0.031,-0.007,-0.044,-0.073,-0.091,-0.084,-0.078,-0.096,-0.143,-0.178,-0.211,-0.235,-0.233,-0.205,-0.164,-0.131,-0.12,-0.115,-0.109,-0.123,-0.14,-0.121,-0.1,-0.073,-0.085,-0.089,-0.108,-0.112,-0.099,-0.085,-0.089,-0.108
0.137,0.16,0.188,0.211,0.222,0.232,0.249,0.264,0.271,0.289,0.324,0.374,0.418,0.459,0.48,0.491,0.503,0.522,0.56,0.621,0.633,0.572,0.496,0.411,0.323,0.236,0.147,0.08,0.032,-0.028,-0.073,-0.109,-0.122,-0.112,-0.072,-0.022,0.005,0.026,0.051,0.054,0.061,0.117,0.134,0.086,0.032,-0.006,-0.032,-0.045,-0.049,-0.052,-0.061,-0.1,-0.162,-0.204,-0.234,-0.235,-0.205,-0.169,-0.14,-0.129,-0.116,-0.101,-0.101,-0.128,-0.122,-0.101,-0.083,-0.065,-0.083,-0.086,-0.097,-0.096,-0.086,-0.082,-0.085,-0.099
0.125,0.151,0.184,0.213,0.222,0.224,0.233,0.239,0.24,0.253,0.288,0.354,0.411,0.45,0.465,0.466,0.479,0.486,0.499,0.545,0.581,0.551,0.493,0.42,0.331,0.247,0.166,0.089,0.036,-0.025,-0.074,-0.111,-0.12,-0.106,-0.072,-0.046,-0.033,-0.001,0.045,0.074,0.08,0.125,0.135,0.1,0.07,0.026,0.009,-0.011,-0.009,-0.023,-0.063,-0.123,-0.185,-0.217,-0.224,-0.2,-0.171,-0.151,-0.132,-0.114,-0.098,-0.102,-0.117,-0.122,-0.104,-0.081,-0.077,-0.075,-0.089,-0.091,-0.093,-0.089,-0.092,-0.091,-0.091,-0.093
0.115,0.147,0.184,0.219,0.228,0.223,0.223,0.222,0.222,0.236,0.273,0.354,0.408,0.437,0.439,0.436,0.444,0.443,0.441,0.463,0.496,0.495,0.459,0.405,0.322,0.24,0.17,0.099,0.036,-0.021,-0.069,-0.102,-0.104,-0.087,-0.066,-0.054,-0.028,0.031,0.084,0.124,0.142,0.176,0.182,0.157,0.13,0.076,0.056,0.023,0.003,-0.037,-0.108,-0.162,-0.189,-0.194,-0.183,-0.167,-0.147,-0.131,-0.12,-0.109,-0.114,-0.126,-0.126,-0.116,-0.092,-0.076,-0.082,-0.087,-0.1,-0.101,-0.094,-0.097,-0.107,-0.103,-0.102,-0.096
0.12,0.148,0.187,0.222,0.226,0.22,0.217,0.216,0.222,0.249,0.305,0.384,0.417,0.43,0.417,0.406,0.409,0.402,0.395,0.406,0.434,0.45,0.424,0.374,0.292,0.212,0.145,0.09,0.03,-0.022,-0.054,-0.073,-0.072,-0.069,-0.055,-0.031,0.036,0.123,0.18,0.212,0.214,0.228,0.213,0.186,0.151,0.099,0.064,0.018,-0.045,-0.107,-0.158,-0.166,-0.162,-0.156,-0.146,-0.144,-0.122,-0.114,-0.12,-0.119,-0.129,-0.125,-0.109,-0.101,-0.087,-0.081,-0.084,-0.091,-0.097,-0.098,-0.103,-0.112,-0.116,-0.12,-0.11,-0.097
0.137,0.158,0.188,0.211,0.211,0.21,0.216,0.222,0.233,0.272,0.355,0.422,0.436,0.43,0.411,0.394,0.392,0.385,0.372,0.379,0.406,0.421,0.402,0.349,0.269,0.194,0.129,0.083,0.034,-0.018,-0.036,-0.045,-0.049,-0.051,-0.023,0.023,0.104,0.193,0.247,0.262,0.217,0.209,0.184,0.153,0.117,0.072,0.021,-0.047,-0.115,-0.147,-0.148,-0.139,-0.13,-0.129,-0.121,-0.12,-0.108,-0.107,-0.11,-0.105,-0.099,-0.093,-0.089,-0.094,-0.083,-0.071,-0.067,-0.076,-0.081,-0.098,-0.112,-0.112,-0.119,-0.127,-0.11,-0.095
0.146,0.165,0.184,0.196,0.205,0.216,0.236,0.25,0.26,0.304,0.39,0.443,0.441,0.425,0.409,0.4,0.393,0.383,0.366,0.364,0.375,0.374,0.359,0.323,0.258,0.189,0.13,0.092,0.053,-0.004,-0.018,-0.022,-0.029,-0.025,0.001,0.06,0.116,0.192,0.236,0.277,0.19,0.172,0.138,0.094,0.053,0.005,-0.042,-0.091,-0.127,-0.123,-0.111,-0.109,-0.097,-0.096,-0.091,-0.089,-0.095,-0.093,-0.076,-0.07,-0.068,-0.081,-0.091,-0.085,-0.067,-0.053,-0.053,-0.067,-0.084,-0.112,-0.108,-0.101,-0.105,-0.107,-0.096,-0.093
0.148,0.161,0.178,0.201,0.226,0.246,0.266,0.278,0.293,0.342,0.408,0.441,0.431,0.411,0.401,0.396,0.388,0.376,0.353,0.333,0.321,0.309,0.3,0.29,0.25,0.193,0.138,0.105,0.077,0.03,0.006,-0.009,-0.018,-0.02,-0.005,0.037,0.075,0.091,0.137,0.265,0.154,0.124,0.081,0.038,-0.001,-0.045,-0.066,-0.076,-0.081,-0.08,-0.087,-0.088,-0.094,-0.097,-0.104,-0.096,-0.089,-0.065,-0.05,-0.046,-0.059,-0.081,-0.088,-0.059,-0.041,-0.036,-0.042,-0.059,-0.082,-0.098,-0.094,-0.083,-0.078,-0.074,-0.078,-0.071
0.161,0.171,0.187,0.215,0.25,0.275,0.294,0.306,0.334,0.384,0.43,0.449,0.435,0.408,0.388,0.378,0.372,0.356,0.329,0.298,0.275,0.269,0.268,0.264,0.238,0.211,0.175,0.13,0.094,0.068,0.023,-0.029,-0.058,-0.063,-0.021,-0.013,0.022,0.034,0.08,0.209,0.089,0.063,0.032,0.01,-0.008,-0.03,-0.037,-0.035,-0.033,-0.04,-0.067,-0.098,-0.138,-0.148,-0.157,-0.13,-0.092,-0.07,-0.06,-0.038,-0.037,-0.056,-0.051,-0.049,-0.023,-0.02,-0.024,-0.044,-0.062,-0.072,-0.097,-0.035,-0.033,-0.029,-0.035,-0.027
0.161,0.165,0.194,0.23,0.288,0.317,0.338,0.363,0.39,0.416,0.437,0.446,0.435,0.405,0.372,0.352,0.342,0.325,0.299,0.277,0.265,0.263,0.265,0.268,0.237,0.215,0.204,0.15,0.081,0.028,-0.035,-0.092,-0.11,-0.095,-0.042,-0.011,0.027,0.062,0.091,0.148,0.083,0.072,0.061,0.049,0.031,0.007,-0.013,-0.025,-0.031,-0.039,-0.072,-0.119,-0.17,-0.186,-0.173,-0.12,-0.058,-0.028,-0.028,-0.026,-0.024,-0.039,-0.058,-0.024,-0.009,-0.008,-0.01,-0.02,-0.026,-0.033,-0.055,null,null,null,null,null
0.149,0.145,0.191,0.262,0.364,0.384,0.391,0.428,0.443,0.432,0.414,0.408,0.402,0.383,0.357,0.332,0.306,0.284,0.265,0.256,0.256,0.259,0.265,0.271,0.241,0.196,0.159,0.1,0.026,-0.059,-0.12,-0.157,-0.146,-0.114,-0.024,0.013,0.045,0.042,0.055,0.093,0.091,0.093,0.089,0.069,0.038,0.001,-0.034,-0.056,-0.066,-0.08,-0.106,-0.139,-0.173,-0.193,-0.163,-0.099,-0.028,-0.022,-0.03,-0.066,-0.015,-0.022,-0.048,null,null,null,null,null,null,null,null,null,null,null,null,null
0.114,0.11,0.151,0.235,0.373,0.372,0.386,0.463,0.476,0.444,0.405,0.378,0.358,0.341,0.329,0.32,0.298,0.27,0.25,0.238,0.23,0.219,0.205,0.178,0.135,0.101,0.046,-0.013,-0.07,-0.131,-0.155,-0.158,-0.123,-0.08,-0.005,0.003,0.01,-0.004,0.012,0.04,0.054,0.063,0.056,0.034,0.006,-0.03,-0.059,-0.078,-0.087,-0.109,-0.135,-0.169,-0.203,-0.219,-0.185,-0.175,-0.118,-0.04,-0.04,-0.058,null,null,null,null,null,null,null,null,null,null,null,null,null,null,null,null
0.041,0.04,0.054,0.094,0.312,0.311,0.314,0.428,0.45,0.422,0.389,0.356,0.319,0.294,0.279,0.271,0.264,0.254,0.238,0.222,0.2,0.182,0.162,0.131,0.109,0.07,0.009,-0.047,-0.087,-0.118,-0.119,-0.101,-0.044,-0.018,-0.022,-0.029,-0.036,-0.042,-0.017,0.0,0.02,0.034,0.023,0.007,-0.011,-0.037,-0.062,-0.084,-0.094,-0.115,-0.149,-0.194,-0.234,-0.233,-0.239,-0.255,-0.101,null,null,null,null,null,null,null,null,null,null,null,null,null,null,null,null,null,null,null
null,null,null,null,0.144,0.242,0.23,0.319,0.375,0.349,0.321,0.297,0.268,0.254,0.242,0.231,0.223,0.221,0.213,0.203,0.19,0.194,0.205,0.205,0.183,0.123,0.069,0.022,-0.009,-0.053,-0.066,-0.063,-0.01,-0.016,-0.04,-0.068,-0.08,-0.069,-0.04,-0.034,-0.013,0.003,-0.012,-0.03,-0.04,-0.063,-0.086,-0.103,-0.1,-0.12,-0.139,-0.165,-0.187,-0.173,-0.234,-0.13,null,null,null,null,null,null,null,null,null,null,null,null,null,null,null,null,null,null,null,null
null,null,null,null,null,0.119,0.188,0.23,0.296,0.279,0.247,0.214,0.199,0.193,0.2,0.213,0.22,0.218,0.22,0.229,0.235,0.248,0.256,0.242,0.183,0.117,0.071,0.019,-0.014,-0.059,-0.076,-0.061,-0.015,-0.032,-0.057,-0.109,-0.123,-0.09,-0.057,-0.067,-0.051,-0.037,-0.039,-0.052,-0.064,-0.09,-0.101,-0.094,-0.061,-0.1,-0.118,-0.151,-0.16,-0.063,-0.101,null,null,null,null,null,null,null,null,null,null,null,null,null,null,null,null,null,null,null,null,null
null,null,null,null,null,0.026,0.203,0.194,0.246,0.263,0.23,0.183,0.166,0.159,0.173,0.193,0.213,0.219,0.224,0.229,0.226,0.233,0.228,0.188,0.145,0.075,0.016,-0.024,-0.053,-0.081,-0.093,-0.069,-0.036,-0.063,-0.08,-0.123,-0.142,-0.049,-0.031,-0.039,-0.035,-0.028,-0.022,-0.021,-0.031,-0.045,-0.045,-0.034,-0.006,-0.079,-0.099,-0.087,-0.091,null,null,null,null,null,null,null,null,null,null,null,null,null,null,null,null,null,null,null,null,null,null,null
