data/gulf-currents.json
{"header": {"parameterCategory":2,"parameterNumber":2,"lo1":-99,"la1":42,"dx":0.15,"dy":0.15,"nx":274,"ny":228,"refTime":"2026-06-23T00:24:52.804Z","forecastTime":0,"source":"illustrative field (tools/generate-field.js)"}, "data":
[rows 42 to 62 of 228, columns 49 to 97 of 274]
-0.029999999999999756,-0.02999999999999971,-0.029999999999999662,-0.02999999999999961,-0.02999999999999956,-0.029999999999999503,-0.029999999999999447,-0.029999999999999395,-0.029999999999999347,-0.0299999999999993,-0.029999999999999263,-0.029999999999999232,-0.02999999999999921,-0.0299999999999992,-0.029999999999999197,-0.029999999999999208,-0.029999999999999225,-0.029999999999999253,-0.029999999999999288,-0.029999999999999333,-0.029999999999999378,-0.02999999999999943,-0.029999999999999485,-0.02999999999999954,-0.029999999999999593,-0.029999999999999645,-0.029999999999999697,-0.029999999999999742,-0.029999999999999784,-0.029999999999999822,-0.029999999999999853,-0.02999999999999988,-0.029999999999999905,-0.029999999999999926,-0.029999999999999943,-0.029999999999999954,-0.029999999999999964,-0.029999999999999975,-0.02999999999999998,-0.029999999999999985,-0.02999999999999999,-0.029999999999999992,-0.029999999999999995,-0.029999999999999995,-0.029999999999999995,-0.03,-0.03,-0.03,-0.03
-0.02999999999999931,-0.02999999999999918,-0.029999999999999045,-0.029999999999998896,-0.029999999999998743,-0.029999999999998587,-0.02999999999999843,-0.02999999999999828,-0.02999999999999814,-0.029999999999998014,-0.029999999999997907,-0.02999999999999782,-0.029999999999997758,-0.029999999999997723,-0.02999999999999772,-0.029999999999997744,-0.029999999999997796,-0.029999999999997872,-0.029999999999997976,-0.029999999999998098,-0.029999999999998233,-0.029999999999998382,-0.029999999999998535,-0.02999999999999869,-0.029999999999998847,-0.029999999999998996,-0.029999999999999135,-0.029999999999999267,-0.029999999999999385,-0.029999999999999492,-0.029999999999999586,-0.029999999999999666,-0.029999999999999732,-0.02999999999999979,-0.029999999999999836,-0.029999999999999874,-0.029999999999999905,-0.02999999999999993,-0.029999999999999947,-0.02999999999999996,-0.02999999999999997,-0.029999999999999978,-0.029999999999999985,-0.02999999999999999,-0.029999999999999992,-0.029999999999999995,-0.029999999999999995,-0.029999999999999995,-0.03
-0.029999999999998063,-0.029999999999997706,-0.02999999999999732,-0.029999999999996908,-0.02999999999999648,-0.02999999999999604,-0.029999999999995607,-0.029999999999995183,-0.029999999999994788,-0.029999999999994434,-0.02999999999999413,-0.029999999999993886,-0.029999999999993716,-0.02999999999999362,-0.029999999999993608,-0.029999999999993674,-0.02999999999999382,-0.029999999999994042,-0.029999999999994326,-0.029999999999994666,-0.029999999999995048,-0.029999999999995464,-0.029999999999995895,-0.029999999999996335,-0.02999999999999677,-0.029999999999997185,-0.02999999999999758,-0.029999999999997945,-0.029999999999998278,-0.029999999999998576,-0.029999999999998837,-0.029999999999999062,-0.029999999999999253,-0.029999999999999413,-0.029999999999999544,-0.029999999999999652,-0.029999999999999735,-0.0299999999999998,-0.029999999999999853,-0.029999999999999895,-0.029999999999999923,-0.029999999999999943,-0.02999999999999996,-0.02999999999999997,-0.02999999999999998,-0.02999999999999999,-0.029999999999999992,-0.029999999999999992,-0.029999999999999995
-0.029999999999994652,-0.02999999999999367,-0.029999999999992605,-0.02999999999999147,-0.029999999999990284,-0.029999999999989077,-0.029999999999987877,-0.02999999999998671,-0.02999999999998562,-0.02999999999998464,-0.0299999999999838,-0.02999999999998313,-0.029999999999982655,-0.029999999999982395,-0.029999999999982357,-0.029999999999982544,-0.02999999999998295,-0.029999999999983554,-0.02999999999998434,-0.02999999999998528,-0.02999999999998634,-0.02999999999998748,-0.029999999999988675,-0.029999999999989885,-0.02999999999999108,-0.029999999999992234,-0.029999999999993324,-0.029999999999994333,-0.029999999999995253,-0.029999999999996075,-0.029999999999996793,-0.029999999999997414,-0.02999999999999794,-0.029999999999998382,-0.029999999999998743,-0.029999999999999038,-0.02999999999999927,-0.029999999999999454,-0.0299999999999996,-0.029999999999999707,-0.02999999999999979,-0.02999999999999985,-0.029999999999999895,-0.029999999999999926,-0.02999999999999995,-0.029999999999999964,-0.029999999999999978,-0.029999999999999985,-0.02999999999999999
-0.029999999999985472,-0.029999999999982808,-0.029999999999979914,-0.02999999999997683,-0.029999999999973614,-0.02999999999997033,-0.029999999999967067,-0.029999999999963903,-0.029999999999960943,-0.029999999999958275,-0.02999999999995599,-0.02999999999995417,-0.029999999999952884,-0.029999999999952176,-0.029999999999952075,-0.029999999999952582,-0.029999999999953682,-0.02999999999995533,-0.029999999999957467,-0.029999999999960017,-0.02999999999996289,-0.029999999999965995,-0.02999999999996924,-0.029999999999972524,-0.029999999999975772,-0.029999999999978905,-0.029999999999981868,-0.029999999999984612,-0.029999999999987106,-0.029999999999989334,-0.02999999999999129,-0.029999999999992977,-0.02999999999999441,-0.029999999999995607,-0.02999999999999659,-0.029999999999997386,-0.029999999999998025,-0.029999999999998524,-0.029999999999998913,-0.029999999999999208,-0.02999999999999943,-0.029999999999999596,-0.029999999999999718,-0.029999999999999805,-0.029999999999999867,-0.02999999999999991,-0.02999999999999994,-0.02999999999999996,-0.029999999999999975
-0.02999999999996115,-0.02999999999995403,-0.02999999999994629,-0.029999999999938045,-0.029999999999929444,-0.02999999999992067,-0.029999999999911937,-0.029999999999903482,-0.029999999999895565,-0.02999999999988843,-0.029999999999882322,-0.029999999999877458,-0.029999999999874016,-0.029999999999872122,-0.02999999999987185,-0.029999999999873208,-0.029999999999876147,-0.029999999999880556,-0.02999999999988627,-0.029999999999893088,-0.029999999999900773,-0.02999999999990908,-0.029999999999917745,-0.029999999999926533,-0.029999999999935214,-0.029999999999943596,-0.02999999999995152,-0.029999999999958858,-0.02999999999996553,-0.029999999999971487,-0.029999999999976712,-0.029999999999981222,-0.029999999999985053,-0.02999999999998825,-0.029999999999990885,-0.029999999999993015,-0.02999999999999472,-0.029999999999996054,-0.02999999999999709,-0.029999999999997883,-0.02999999999999848,-0.02999999999999892,-0.029999999999999243,-0.029999999999999475,-0.02999999999999964,-0.02999999999999976,-0.02999999999999984,-0.029999999999999895,-0.02999999999999993
-0.029999999999897747,-0.029999999999879002,-0.029999999999858633,-0.02999999999983694,-0.029999999999814297,-0.029999999999791204,-0.02999999999976822,-0.02999999999974597,-0.029999999999725125,-0.029999999999706352,-0.029999999999690278,-0.02999999999967748,-0.029999999999668417,-0.02999999999966343,-0.029999999999662717,-0.02999999999966629,-0.029999999999674027,-0.029999999999685625,-0.02999999999970067,-0.029999999999718613,-0.029999999999738843,-0.029999999999760697,-0.02999999999978351,-0.029999999999806636,-0.02999999999982949,-0.02999999999985155,-0.0299999999998724,-0.029999999999891714,-0.029999999999909273,-0.02999999999992495,-0.02999999999993871,-0.02999999999995058,-0.02999999999996066,-0.02999999999996908,-0.029999999999976008,-0.02999999999998162,-0.029999999999986097,-0.02999999999998962,-0.029999999999992345,-0.029999999999994427,-0.029999999999995995,-0.029999999999997157,-0.02999999999999801,-0.02999999999999862,-0.02999999999999906,-0.029999999999999364,-0.02999999999999958,-0.02999999999999972,-0.02999999999999982
-0.02999999999973509,-0.029999999999686524,-0.029999999999633764,-0.029999999999577552,-0.029999999999518905,-0.029999999999459074,-0.029999999999399528,-0.029999999999341897,-0.0299999999992879,-0.029999999999239257,-0.029999999999197623,-0.029999999999164462,-0.029999999999140988,-0.029999999999128075,-0.029999999999126215,-0.029999999999135482,-0.029999999999155518,-0.029999999999185574,-0.02999999999922454,-0.029999999999271026,-0.029999999999323432,-0.029999999999380054,-0.029999999999439152,-0.02999999999949907,-0.02999999999955827,-0.02999999999961542,-0.029999999999669437,-0.029999999999719473,-0.029999999999764965,-0.029999999999805578,-0.02999999999984122,-0.029999999999871976,-0.029999999999898084,-0.0299999999999199,-0.029999999999937847,-0.029999999999952384,-0.029999999999963986,-0.029999999999973107,-0.02999999999998017,-0.029999999999985566,-0.02999999999998963,-0.02999999999999264,-0.029999999999994843,-0.029999999999996436,-0.029999999999997563,-0.029999999999998358,-0.029999999999998906,-0.02999999999999928,-0.029999999999999534
-0.029999999999324452,-0.029999999999200614,-0.02999999999906608,-0.029999999998922753,-0.02999999999877321,-0.029999999998620647,-0.029999999998468814,-0.02999999999832186,-0.029999999998184167,-0.029999999998060137,-0.029999999997953972,-0.029999999997869415,-0.029999999997809557,-0.029999999997776635,-0.029999999997771896,-0.02999999999779552,-0.029999999997846614,-0.02999999999792325,-0.029999999998022615,-0.029999999998141152,-0.029999999998274792,-0.02999999999841917,-0.029999999998569872,-0.029999999998722653,-0.029999999998873608,-0.02999999999901935,-0.02999999999915708,-0.029999999999284675,-0.029999999999400673,-0.02999999999950424,-0.02999999999959512,-0.029999999999673545,-0.029999999999740123,-0.029999999999795753,-0.029999999999841515,-0.029999999999878586,-0.029999999999908166,-0.029999999999931425,-0.029999999999949442,-0.0299999999999632,-0.029999999999973555,-0.029999999999981236,-0.029999999999986857,-0.02999999999999091,-0.029999999999993792,-0.029999999999995815,-0.029999999999997213,-0.02999999999999817,-0.029999999999998812
-0.029999999998304334,-0.02999999999799353,-0.02999999999765588,-0.029999999997296162,-0.029999999996920837,-0.029999999996537942,-0.029999999996156868,-0.029999999995788038,-0.029999999995442454,-0.02999999999513117,-0.029999999994864714,-0.029999999994652495,-0.02999999999450226,-0.029999999994419633,-0.029999999994407743,-0.029999999994467043,-0.029999999994595277,-0.029999999994787634,-0.029999999995037028,-0.02999999999533454,-0.029999999995669952,-0.029999999996032322,-0.02999999999641057,-0.029999999996794025,-0.029999999997172906,-0.029999999997538693,-0.029999999997884386,-0.029999999998204636,-0.029999999998495768,-0.02999999999875571,-0.029999999998983812,-0.029999999999180644,-0.029999999999347746,-0.029999999999487367,-0.029999999999602223,-0.029999999999695267,-0.029999999999769513,-0.029999999999827887,-0.029999999999873107,-0.02999999999990764,-0.029999999999933625,-0.029999999999952908,-0.02999999999996701,-0.029999999999977184,-0.02999999999998442,-0.029999999999989497,-0.02999999999999301,-0.029999999999995405,-0.02999999999999702
-0.02999999999581064,-0.029999999995042874,-0.029999999994208777,-0.029999999993320172,-0.029999999992393007,-0.029999999991447136,-0.029999999990505767,-0.029999999989594642,-0.02999999998874094,-0.029999999987971968,-0.02999999998731373,-0.029999999986789483,-0.029999999986418367,-0.029999999986214252,-0.029999999986184883,-0.029999999986331384,-0.029999999986648183,-0.029999999987123382,-0.029999999987739483,-0.029999999988474458,-0.029999999989303066,-0.029999999990198267,-0.02999999999113269,-0.029999999992079977,-0.029999999993015964,-0.029999999993919602,-0.029999999994773596,-0.029999999995564738,-0.029999999996283954,-0.02999999999692611,-0.02999999999748961,-0.029999999997975868,-0.029999999998388677,-0.0299999999987336,-0.029999999999017334,-0.029999999999247188,-0.029999999999430607,-0.02999999999957481,-0.029999999999686527,-0.029999999999771827,-0.02999999999983603,-0.02999999999988366,-0.029999999999918505,-0.02999999999994364,-0.02999999999996152,-0.029999999999974058,-0.029999999999982735,-0.029999999999988654,-0.02999999999999264
-0.02999999998981233,-0.02999999998794559,-0.02999999998591758,-0.02999999998375703,-0.029999999981502726,-0.02999999997920292,-0.029999999976914056,-0.029999999974698724,-0.029999999972623013,-0.029999999970753307,-0.029999999969152848,-0.029999999967878176,-0.02999999996697584,-0.029999999966479562,-0.02999999996640818,-0.029999999966764414,-0.02999999996753474,-0.02999999996869021,-0.02999999997018828,-0.029999999971975395,-0.02999999997399017,-0.029999999976166872,-0.02999999997843894,-0.029999999980742292,-0.029999999983018166,-0.029999999985215388,-0.029999999987291893,-0.02999999998921557,-0.02999999999096436,-0.029999999992525776,-0.02999999999389594,-0.02999999999507828,-0.029999999996082036,-0.02999999999692072,-0.02999999999761063,-0.029999999998169526,-0.029999999998615513,-0.029999999998966145,-0.02999999999923779,-0.0299999999994452,-0.0299999999996013,-0.029999999999717124,-0.02999999999980185,-0.029999999999862963,-0.02999999999990643,-0.029999999999936924,-0.02999999999995802,-0.029999999999972413,-0.029999999999982103
-0.029999999975615168,-0.02999999997114794,-0.029999999966294766,-0.029999999961124395,-0.02999999995572963,-0.02999999995022596,-0.029999999944748452,-0.029999999939446905,-0.029999999934479465,-0.029999999930005024,-0.02999999992617492,-0.029999999923124472,-0.02999999992096508,-0.02999999991977748,-0.029999999919606713,-0.029999999920459326,-0.02999999992230294,-0.029999999925068285,-0.02999999992865354,-0.02999999993293054,-0.029999999937752382,-0.029999999942961746,-0.029999999948399348,-0.02999999995391181,-0.029999999959358512,-0.02999999996461697,-0.029999999969586535,-0.029999999974190346,-0.029999999978375606,-0.02999999998211244,-0.029999999985391563,-0.029999999988221178,-0.029999999990623402,-0.029999999992630564,-0.029999999994281677,-0.02999999999561925,-0.0299999999966866,-0.029999999997525745,-0.02999999999817585,-0.02999999999867223,-0.02999999999904582,-0.02999999999932301,-0.02999999999952578,-0.02999999999967204,-0.02999999999977607,-0.029999999999849043,-0.02999999999989953,-0.029999999999933982,-0.029999999999957172
-0.02999999994255141,-0.029999999932029647,-0.02999999992059882,-0.029999999908420814,-0.029999999895714217,-0.029999999882751052,-0.02999999986984945,-0.02999999985736225,-0.029999999845661967,-0.02999999983512288,-0.029999999826101457,-0.02999999981891646,-0.029999999813830298,-0.029999999811033136,-0.029999999810631107,-0.02999999981263963,-0.029999999816982426,-0.02999999982349636,-0.029999999831941584,-0.029999999842016213,-0.029999999853374208,-0.029999999865645017,-0.02999999987845343,-0.029999999891438173,-0.029999999904268018,-0.029999999916654446,-0.029999999928360378,-0.02999999993920476,-0.029999999949063237,-0.029999999957865436,-0.029999999965589486,-0.029999999972254714,-0.029999999977913205,-0.02999999998264112,-0.02999999998653036,-0.02999999998968104,-0.029999999992195214,-0.029999999994171835,-0.029999999995703172,-0.029999999996872414,-0.029999999997752415,-0.029999999998405337,-0.029999999998882965,-0.029999999999227478,-0.02999999999947253,-0.029999999999644422,-0.029999999999763344,-0.029999999999844495,-0.029999999999899118
-0.029999999866785643,-0.029999999842394685,-0.029999999815896246,-0.029999999787665575,-0.029999999758209352,-0.029999999728158176,-0.029999999698249555,-0.029999999669301475,-0.029999999642177543,-0.02999999961774548,-0.029999999596831715,-0.029999999580175272,-0.02999999956838453,-0.029999999561900394,-0.029999999560968934,-0.029999999565625917,-0.02999999957569454,-0.029999999590796595,-0.029999999610376044,-0.029999999633733027,-0.029999999660065294,-0.029999999688513784,-0.029999999718208617,-0.02999999974831224,-0.02999999977805673,-0.02999999980677321,-0.029999999833912033,-0.02999999985905345,-0.029999999881909167,-0.029999999902316016,-0.029999999920223314,-0.029999999935675852,-0.02999999994879439,-0.029999999959755507,-0.02999999996877224,-0.029999999976076726,-0.02999999998190553,-0.029999999986488095,-0.029999999990038318,-0.029999999992749063,-0.02999999999478924,-0.029999999996302963,-0.02999999999741029,-0.029999999998209004,-0.02999999999877712,-0.029999999999175637,-0.029999999999451347,-0.029999999999639485,-0.02999999999976612
-0.02999999969595881,-0.029999999640310443,-0.02999999957985344,-0.029999999515443833,-0.02999999944823758,-0.02999999937967341,-0.029999999311434048,-0.02999999924538589,-0.029999999183499458,-0.029999999127754702,-0.029999999080037375,-0.029999999042033806,-0.029999999015132256,-0.02999999900033882,-0.02999999899821505,-0.02999999900884262,-0.029999999031818173,-0.02999999906627875,-0.02999999911095565,-0.02999999916425196,-0.029999999224337163,-0.029999999289251063,-0.029999999357008814,-0.029999999425699284,-0.02999999949357026,-0.0299999995590955,-0.02999999962102083,-0.02999999967838847,-0.029999999730540603,-0.02999999977710491,-0.029999999817965747,-0.02999999985322531,-0.029999999883159163,-0.02999999990817021,-0.02999999992874457,-0.02999999994541193,-0.02999999995871208,-0.02999999996916857,-0.02999999997726946,-0.029999999983454827,-0.0299999999881101,-0.029999999991564115,-0.029999999994090802,-0.02999999999591331,-0.029999999997209637,-0.029999999998118976,-0.029999999998748087,-0.02999999999917738,-0.029999999999466332
-0.029999999316999093,-0.029999999192044508,-0.02999999905629144,-0.029999998911661756,-0.029999998760750955,-0.029999998606789664,-0.02999999845355653,-0.02999999830524283,-0.02999999816627373,-0.029999998041095696,-0.02999999793394371,-0.029999997848604958,-0.029999997788197254,-0.02999999775498022,-0.029999997750215137,-0.029999997774085595,-0.029999997825685888,-0.02999999790307819,-0.029999998003413426,-0.029999998123105404,-0.029999998258043326,-0.029999998403825133,-0.029999998555993373,-0.029999998710256166,-0.029999998862678477,-0.029999999009832756,-0.02999999914890246,-0.02999999927773664,-0.029999999394858003,-0.02999999949943042,-0.02999999959119419,-0.02999999967037882,-0.029999999737603162,-0.02999999979377205,-0.029999999839977195,-0.029999999877408128,-0.02999999990727712,-0.02999999993075992,-0.029999999948952596,-0.029999999962843468,-0.0299999999732981,-0.029999999981055004,-0.029999999986729343,-0.029999999990822264,-0.02999999999373351,-0.029999999995775663,-0.0299999999971885,-0.02999999999815259,-0.029999999998801513
-0.0299999984898656,-0.029999998213731255,-0.029999997913730887,-0.029999997594110827,-0.029999997260606454,-0.02999999692035719,-0.029999996581713987,-0.02999999625394008,-0.029999995946815912,-0.029999995670169245,-0.029999995433360592,-0.029999995244760883,-0.02999999511126166,-0.0299999950378577,-0.029999995027337217,-0.029999995080106437,-0.02999999519416394,-0.029999995365226993,-0.02999999558699873,-0.029999995851553007,-0.029999996149804087,-0.029999996472022453,-0.02999999680835611,-0.029999997149318957,-0.029999997486213615,-0.029999997811464348,-0.029999998118845888,-0.0299999984036041,-0.02999999866247381,-0.02999999889360694,-0.029999999096429506,-0.029999999271448793,-0.029999999420032623,-0.029999999544180936,-0.02999999964630669,-0.029999999729039096,-0.02999999979505758,-0.02999999984696086,-0.029999999887171554,-0.029999999917874103,-0.029999999940981646,-0.02999999995812648,-0.029999999970668295,-0.029999999979714743,-0.02999999998614938,-0.029999999990663086,-0.029999999993785834,-0.02999999999591673,-0.02999999999735102
-0.029999996713651104,-0.029999996113101755,-0.029999995460640534,-0.029999994765500516,-0.02999999404015438,-0.029999993300129604,-0.029999992563589758,-0.02999999185068361,-0.02999999118268568,-0.029999990580974,-0.029999990065910722,-0.02999998965570574,-0.02999998936535114,-0.029999989205713135,-0.029999989182858074,-0.029999989297670795,-0.02999998954579871,-0.029999989917926576,-0.029999990400357713,-0.029999990975851116,-0.0299999916246432,-0.02999999232556982,-0.029999993057200313,-0.02999999379889987,-0.02999999453174927,-0.029999995239269172,-0.02999999590791788,-0.029999996527353787,-0.029999997090474198,-0.029999997593259057,-0.02999999803445979,-0.029999998415179915,-0.029999998738394876,-0.029999999008455156,-0.029999999230609687,-0.02999999941057778,-0.029999999554188028,-0.029999999667093418,-0.029999999754563883,-0.029999999821351247,-0.02999999987161717,-0.029999999908912386,-0.029999999936194642,-0.029999999955873408,-0.029999999969870697,-0.02999999997968938,-0.0299999999864823,-0.029999999991117653,-0.02999999999423767
-0.029999992960948935,-0.029999991675579808,-0.02999999027908474,-0.029999988791220324,-0.029999987238679852,-0.02999998565469799,-0.0299999840781546,-0.029999982552181354,-0.029999981122321644,-0.029999979834342043,-0.029999978731835547,-0.029999977853788495,-0.029999977232299083,-0.029999976890633048,-0.029999976841780542,-0.02999997708763882,-0.029999977618892434,-0.029999978415601345,-0.029999979448445152,-0.029999980680515265,-0.02999998206950224,-0.02999998357009794,-0.029999985136423355,-0.029999986724303082,-0.029999988293234334,-0.0299999898079376,-0.029999991239422336,-0.02999999256554885,-0.029999993771111445,-0.02999999484750384,-0.0299999957920531,-0.029999996607121753,-0.029999997299079845,-0.029999997877241166,-0.02999999835284296,-0.02999999873812948,-0.02999999904557894,-0.02999999928729358,-0.029999999474555613,-0.029999999617538013,-0.029999999725150325,-0.02999999980499416,-0.02999999986340166,-0.02999999990553114,-0.02999999993549738,-0.029999999956517805,-0.029999999971060502,-0.02999999998098414,-0.02999999998766366
-0.02999998516061181,-0.02999998245323977,-0.029999979511758625,-0.029999976377768765,-0.029999973107488562,-0.02999996977092233,-0.02999996644997266,-0.029999963235504763,-0.02999996022346945,-0.02999995751029157,-0.029999955187819647,-0.02999995333819888,-0.029999952029063484,-0.02999995130943948,-0.029999951206703526,-0.029999951724860408,-0.029999952844290224,-0.0299999545229872,-0.02999995669918112,-0.02999995929511312,-0.029999962221644322,-0.02999996538331707,-0.029999968683470202,-0.029999972029031333,-0.029999975334665537,-0.029999978526042564,-0.029999981542082242,-0.029999984336138423,-0.029999986876174195,-0.02999998914405704,-0.029999991134155458,-0.02999999285144726,-0.02999999430935377,-0.02999999552749851,-0.029999996529557607,-0.029999997341328848,-0.029999997989102925,-0.02999999849837844,-0.029999998892926177,-0.02999999919417989,-0.02999999942091135,-0.02999999958913662,-0.029999999712197044,-0.029999999800960856,-0.029999999864097585,-0.02999999990838612,-0.029999999939026543,-0.02999999995993494,-0.02999999997400821
