data/gulf-currents.2010.json
{"header": {"parameterCategory": 2, "parameterNumber": 2, "lo1": -98.0, "la1": 31.960647583007812, "dx": 0.03999999825281041, "dy": 0.03611718614896139, "nx": 525, "ny": 385, "refTime": "2010-06-15T00:00:00Z", "forecastTime": 0, "source": "HYCOM-TSIS GOMb0.04 1/25deg Gulf of Mexico Reanalysis (dataset GOMb0.04-reanalysis-2010-3z, experiment 01.0); https://tds.hycom.org/thredds/dodsC/GOMb0.04/reanalysis/2010/3z; snapshot 2010-06-15T00:00:00Z; bbox W-98.0 E-77.0 S18.0 N31.0; accessed 2026-06-23"}, "data":
[rows 264 to 296 of 385, columns 75 to 149 of 525]
-0.322,-0.329,-0.34,-0.349,-0.353,-0.355,-0.355,-0.358,-0.364,-0.372,-0.382,-0.391,-0.399,-0.404,-0.408,-0.415,-0.422,-0.419,-0.406,-0.385,-0.358,-0.331,-0.311,-0.296,-0.278,-0.258,-0.236,-0.214,-0.191,-0.166,-0.144,-0.127,-0.116,-0.11,-0.105,-0.103,-0.106,-0.113,-0.12,-0.127,-0.132,-0.135,-0.133,-0.124,-0.12,-0.126,-0.137,-0.143,-0.143,-0.135,-0.123,-0.109,-0.088,-0.062,-0.042,-0.028,-0.024,-0.034,-0.048,-0.06,-0.068,-0.078,-0.094,-0.11,-0.133,-0.161,-0.182,-0.196,-0.203,-0.201,-0.195,-0.184,-0.173,-0.167,-0.165
-0.333,-0.338,-0.347,-0.353,-0.355,-0.355,-0.356,-0.36,-0.366,-0.371,-0.374,-0.377,-0.379,-0.38,-0.381,-0.386,-0.393,-0.394,-0.384,-0.362,-0.336,-0.314,-0.294,-0.277,-0.263,-0.248,-0.233,-0.215,-0.196,-0.177,-0.16,-0.148,-0.14,-0.135,-0.132,-0.13,-0.133,-0.141,-0.15,-0.159,-0.163,-0.165,-0.162,-0.152,-0.148,-0.155,-0.163,-0.166,-0.163,-0.147,-0.127,-0.115,-0.102,-0.084,-0.069,-0.064,-0.069,-0.081,-0.091,-0.1,-0.112,-0.126,-0.139,-0.159,-0.188,-0.213,-0.231,-0.241,-0.242,-0.24,-0.233,-0.22,-0.209,-0.206,-0.207
-0.353,-0.357,-0.363,-0.366,-0.367,-0.367,-0.37,-0.374,-0.378,-0.379,-0.378,-0.377,-0.374,-0.369,-0.365,-0.369,-0.374,-0.376,-0.367,-0.35,-0.331,-0.313,-0.295,-0.279,-0.267,-0.255,-0.245,-0.233,-0.217,-0.2,-0.187,-0.178,-0.174,-0.171,-0.167,-0.165,-0.167,-0.173,-0.18,-0.188,-0.192,-0.191,-0.187,-0.177,-0.174,-0.181,-0.187,-0.18,-0.169,-0.163,-0.15,-0.13,-0.115,-0.103,-0.099,-0.103,-0.11,-0.121,-0.132,-0.142,-0.156,-0.166,-0.18,-0.208,-0.24,-0.262,-0.274,-0.279,-0.277,-0.273,-0.268,-0.256,-0.243,-0.24,-0.243
-0.377,-0.38,-0.382,-0.383,-0.382,-0.382,-0.383,-0.388,-0.39,-0.389,-0.387,-0.385,-0.381,-0.374,-0.369,-0.368,-0.371,-0.373,-0.369,-0.357,-0.339,-0.321,-0.305,-0.292,-0.281,-0.273,-0.265,-0.254,-0.243,-0.232,-0.223,-0.216,-0.213,-0.21,-0.205,-0.202,-0.202,-0.206,-0.214,-0.219,-0.218,-0.214,-0.207,-0.204,-0.207,-0.21,-0.211,-0.204,-0.196,-0.189,-0.177,-0.162,-0.147,-0.136,-0.135,-0.14,-0.141,-0.143,-0.161,-0.182,-0.19,-0.201,-0.224,-0.254,-0.284,-0.303,-0.308,-0.305,-0.302,-0.299,-0.296,-0.289,-0.275,-0.27,-0.273
-0.401,-0.402,-0.401,-0.399,-0.394,-0.393,-0.391,-0.39,-0.394,-0.396,-0.394,-0.392,-0.387,-0.381,-0.375,-0.372,-0.372,-0.372,-0.368,-0.358,-0.342,-0.326,-0.313,-0.301,-0.293,-0.287,-0.282,-0.275,-0.268,-0.261,-0.257,-0.253,-0.25,-0.248,-0.245,-0.242,-0.241,-0.241,-0.242,-0.244,-0.243,-0.24,-0.236,-0.237,-0.239,-0.238,-0.24,-0.238,-0.233,-0.223,-0.206,-0.188,-0.171,-0.159,-0.157,-0.158,-0.162,-0.179,-0.198,-0.206,-0.216,-0.232,-0.256,-0.283,-0.307,-0.321,-0.322,-0.316,-0.314,-0.315,-0.313,-0.305,-0.294,-0.292,-0.294
-0.421,-0.419,-0.415,-0.409,-0.4,-0.393,-0.388,-0.386,-0.387,-0.387,-0.387,-0.385,-0.381,-0.375,-0.368,-0.362,-0.358,-0.354,-0.35,-0.344,-0.334,-0.325,-0.318,-0.311,-0.305,-0.302,-0.3,-0.298,-0.294,-0.291,-0.289,-0.286,-0.283,-0.28,-0.277,-0.275,-0.274,-0.271,-0.269,-0.27,-0.272,-0.274,-0.275,-0.275,-0.277,-0.276,-0.273,-0.266,-0.257,-0.24,-0.226,-0.211,-0.193,-0.185,-0.18,-0.18,-0.194,-0.207,-0.215,-0.225,-0.237,-0.25,-0.268,-0.29,-0.307,-0.314,-0.318,-0.32,-0.314,-0.31,-0.308,-0.302,-0.296,-0.293,-0.288
-0.431,-0.428,-0.422,-0.41,-0.393,-0.383,-0.379,-0.375,-0.373,-0.374,-0.374,-0.371,-0.367,-0.362,-0.354,-0.345,-0.336,-0.329,-0.325,-0.322,-0.323,-0.323,-0.323,-0.324,-0.324,-0.322,-0.321,-0.32,-0.319,-0.319,-0.319,-0.317,-0.314,-0.31,-0.307,-0.305,-0.304,-0.304,-0.306,-0.308,-0.311,-0.315,-0.315,-0.311,-0.305,-0.301,-0.294,-0.281,-0.267,-0.25,-0.235,-0.221,-0.213,-0.205,-0.199,-0.205,-0.214,-0.219,-0.227,-0.235,-0.243,-0.255,-0.272,-0.288,-0.293,-0.295,-0.3,-0.301,-0.293,-0.284,-0.281,-0.276,-0.272,-0.265,-0.254
-0.437,-0.427,-0.415,-0.4,-0.381,-0.368,-0.363,-0.358,-0.357,-0.361,-0.362,-0.359,-0.356,-0.35,-0.342,-0.331,-0.318,-0.31,-0.308,-0.311,-0.318,-0.327,-0.335,-0.342,-0.347,-0.348,-0.346,-0.342,-0.341,-0.343,-0.344,-0.344,-0.342,-0.339,-0.337,-0.338,-0.341,-0.344,-0.346,-0.347,-0.347,-0.345,-0.34,-0.334,-0.328,-0.318,-0.305,-0.294,-0.277,-0.262,-0.258,-0.242,-0.219,-0.218,-0.22,-0.217,-0.219,-0.221,-0.224,-0.228,-0.235,-0.25,-0.268,-0.276,-0.274,-0.272,-0.271,-0.265,-0.255,-0.251,-0.251,-0.248,-0.245,-0.233,-0.212
-0.432,-0.417,-0.401,-0.386,-0.373,-0.362,-0.355,-0.351,-0.35,-0.354,-0.36,-0.36,-0.357,-0.35,-0.343,-0.332,-0.318,-0.307,-0.305,-0.309,-0.32,-0.334,-0.35,-0.362,-0.367,-0.369,-0.367,-0.364,-0.363,-0.365,-0.366,-0.367,-0.368,-0.369,-0.371,-0.375,-0.375,-0.375,-0.373,-0.37,-0.365,-0.359,-0.353,-0.342,-0.329,-0.317,-0.303,-0.29,-0.284,-0.272,-0.255,-0.242,-0.232,-0.223,-0.215,-0.211,-0.209,-0.21,-0.209,-0.21,-0.216,-0.235,-0.253,-0.253,-0.244,-0.237,-0.225,-0.21,-0.207,-0.215,-0.216,-0.207,-0.205,-0.204,-0.181
-0.426,-0.407,-0.395,-0.382,-0.368,-0.358,-0.352,-0.349,-0.351,-0.355,-0.361,-0.366,-0.365,-0.361,-0.352,-0.341,-0.327,-0.316,-0.312,-0.317,-0.33,-0.347,-0.364,-0.377,-0.385,-0.389,-0.389,-0.386,-0.385,-0.388,-0.391,-0.393,-0.395,-0.397,-0.401,-0.403,-0.403,-0.398,-0.39,-0.38,-0.37,-0.361,-0.352,-0.342,-0.332,-0.322,-0.311,-0.295,-0.279,-0.268,-0.254,-0.238,-0.224,-0.209,-0.196,-0.185,-0.177,-0.176,-0.179,-0.182,-0.187,-0.201,-0.214,-0.211,-0.204,-0.199,-0.189,-0.177,-0.173,-0.186,-0.195,-0.183,-0.175,-0.179,-0.168
-0.427,-0.41,-0.397,-0.386,-0.375,-0.367,-0.362,-0.358,-0.358,-0.357,-0.363,-0.373,-0.376,-0.374,-0.367,-0.354,-0.34,-0.333,-0.33,-0.334,-0.346,-0.362,-0.38,-0.393,-0.402,-0.406,-0.407,-0.407,-0.407,-0.406,-0.409,-0.412,-0.414,-0.419,-0.423,-0.424,-0.418,-0.405,-0.392,-0.381,-0.374,-0.368,-0.358,-0.352,-0.345,-0.329,-0.309,-0.294,-0.278,-0.258,-0.239,-0.221,-0.2,-0.179,-0.159,-0.14,-0.13,-0.129,-0.136,-0.146,-0.151,-0.157,-0.166,-0.167,-0.165,-0.167,-0.164,-0.156,-0.147,-0.142,-0.14,-0.129,-0.126,-0.141,-0.145
-0.442,-0.425,-0.413,-0.403,-0.392,-0.384,-0.381,-0.377,-0.372,-0.374,-0.378,-0.383,-0.39,-0.389,-0.38,-0.37,-0.362,-0.358,-0.357,-0.361,-0.369,-0.382,-0.396,-0.407,-0.416,-0.422,-0.422,-0.42,-0.417,-0.418,-0.421,-0.422,-0.424,-0.426,-0.427,-0.426,-0.421,-0.412,-0.403,-0.396,-0.39,-0.387,-0.384,-0.369,-0.347,-0.33,-0.313,-0.289,-0.264,-0.242,-0.218,-0.195,-0.172,-0.147,-0.123,-0.106,-0.1,-0.104,-0.119,-0.132,-0.132,-0.131,-0.135,-0.135,-0.132,-0.133,-0.133,-0.127,-0.115,-0.106,-0.108,-0.097,-0.088,-0.102,-0.113
-0.461,-0.448,-0.436,-0.428,-0.42,-0.412,-0.406,-0.399,-0.391,-0.388,-0.394,-0.402,-0.406,-0.406,-0.4,-0.393,-0.391,-0.391,-0.391,-0.393,-0.397,-0.402,-0.409,-0.417,-0.424,-0.426,-0.424,-0.419,-0.416,-0.416,-0.421,-0.426,-0.429,-0.43,-0.433,-0.432,-0.427,-0.422,-0.421,-0.42,-0.416,-0.405,-0.389,-0.372,-0.352,-0.327,-0.303,-0.278,-0.247,-0.219,-0.198,-0.177,-0.155,-0.13,-0.108,-0.098,-0.099,-0.109,-0.125,-0.132,-0.128,-0.124,-0.121,-0.11,-0.102,-0.102,-0.103,-0.098,-0.092,-0.103,-0.125,-0.108,-0.076,-0.08,-0.089
-0.481,-0.471,-0.461,-0.454,-0.447,-0.441,-0.435,-0.427,-0.42,-0.422,-0.426,-0.428,-0.429,-0.429,-0.425,-0.42,-0.421,-0.423,-0.421,-0.418,-0.416,-0.412,-0.412,-0.415,-0.417,-0.416,-0.413,-0.409,-0.412,-0.419,-0.428,-0.434,-0.437,-0.437,-0.437,-0.439,-0.44,-0.441,-0.439,-0.429,-0.414,-0.399,-0.381,-0.361,-0.338,-0.315,-0.287,-0.255,-0.223,-0.197,-0.175,-0.157,-0.135,-0.115,-0.099,-0.09,-0.09,-0.097,-0.108,-0.115,-0.117,-0.118,-0.114,-0.101,-0.087,-0.071,-0.057,-0.05,-0.052,-0.085,-0.136,-0.123,-0.092,-0.09,-0.091
-0.503,-0.496,-0.487,-0.479,-0.472,-0.465,-0.46,-0.453,-0.445,-0.446,-0.451,-0.452,-0.452,-0.45,-0.445,-0.443,-0.442,-0.439,-0.434,-0.425,-0.416,-0.408,-0.402,-0.401,-0.403,-0.406,-0.408,-0.412,-0.421,-0.434,-0.447,-0.454,-0.454,-0.454,-0.455,-0.455,-0.452,-0.442,-0.43,-0.414,-0.398,-0.381,-0.363,-0.343,-0.32,-0.294,-0.266,-0.235,-0.203,-0.172,-0.145,-0.122,-0.105,-0.092,-0.083,-0.072,-0.062,-0.059,-0.067,-0.075,-0.079,-0.085,-0.088,-0.087,-0.084,-0.066,-0.034,-0.009,-0.007,-0.049,-0.112,-0.111,-0.09,-0.092,-0.089
-0.528,-0.527,-0.519,-0.504,-0.493,-0.482,-0.478,-0.476,-0.475,-0.476,-0.479,-0.477,-0.471,-0.469,-0.466,-0.464,-0.457,-0.447,-0.437,-0.425,-0.413,-0.403,-0.399,-0.397,-0.398,-0.408,-0.419,-0.431,-0.444,-0.458,-0.469,-0.472,-0.467,-0.46,-0.453,-0.446,-0.442,-0.431,-0.414,-0.395,-0.377,-0.358,-0.338,-0.316,-0.292,-0.265,-0.234,-0.202,-0.167,-0.131,-0.101,-0.08,-0.067,-0.057,-0.048,-0.035,-0.018,-0.01,-0.02,-0.034,-0.036,-0.04,-0.048,-0.06,-0.075,-0.069,-0.04,-0.002,0.021,-0.011,-0.078,-0.095,-0.068,-0.054,-0.063
-0.55,-0.55,-0.542,-0.527,-0.513,-0.504,-0.501,-0.503,-0.504,-0.505,-0.501,-0.493,-0.487,-0.487,-0.487,-0.48,-0.464,-0.45,-0.439,-0.429,-0.42,-0.415,-0.412,-0.413,-0.424,-0.436,-0.447,-0.46,-0.474,-0.486,-0.488,-0.476,-0.458,-0.445,-0.435,-0.426,-0.418,-0.405,-0.386,-0.365,-0.344,-0.32,-0.296,-0.268,-0.24,-0.209,-0.174,-0.141,-0.106,-0.071,-0.043,-0.022,-0.012,-0.008,-0.001,0.015,0.036,0.043,0.027,0.008,-0.0,-0.011,-0.017,-0.026,-0.04,-0.049,-0.043,-0.011,0.019,0.009,-0.037,-0.08,-0.063,-0.025,-0.041
-0.564,-0.571,-0.566,-0.552,-0.536,-0.527,-0.526,-0.53,-0.534,-0.535,-0.529,-0.517,-0.511,-0.511,-0.505,-0.49,-0.474,-0.46,-0.446,-0.436,-0.433,-0.432,-0.432,-0.438,-0.445,-0.451,-0.46,-0.474,-0.487,-0.491,-0.481,-0.464,-0.442,-0.422,-0.408,-0.395,-0.38,-0.363,-0.34,-0.312,-0.284,-0.254,-0.223,-0.193,-0.161,-0.129,-0.097,-0.065,-0.032,0.0,0.024,0.04,0.048,0.049,0.054,0.068,0.084,0.09,0.073,0.046,0.025,0.008,0.002,0.001,-0.013,-0.031,-0.039,-0.024,-0.01,-0.018,-0.03,-0.05,-0.055,-0.037,-0.047
-0.57,-0.585,-0.582,-0.571,-0.56,-0.554,-0.552,-0.553,-0.557,-0.561,-0.556,-0.542,-0.535,-0.539,-0.531,-0.513,-0.497,-0.48,-0.465,-0.457,-0.456,-0.458,-0.46,-0.464,-0.466,-0.468,-0.474,-0.484,-0.491,-0.487,-0.471,-0.445,-0.416,-0.389,-0.368,-0.347,-0.326,-0.303,-0.275,-0.245,-0.215,-0.186,-0.157,-0.13,-0.102,-0.074,-0.047,-0.016,0.016,0.04,0.06,0.076,0.083,0.085,0.086,0.092,0.102,0.106,0.091,0.065,0.042,0.019,0.006,0.001,-0.013,-0.028,-0.037,-0.038,-0.039,-0.037,-0.033,-0.051,-0.058,-0.049,-0.065
-0.569,-0.592,-0.597,-0.589,-0.58,-0.575,-0.57,-0.571,-0.579,-0.581,-0.572,-0.562,-0.559,-0.561,-0.558,-0.543,-0.522,-0.505,-0.493,-0.489,-0.492,-0.496,-0.491,-0.486,-0.485,-0.485,-0.484,-0.484,-0.479,-0.466,-0.442,-0.409,-0.378,-0.346,-0.318,-0.293,-0.268,-0.244,-0.218,-0.191,-0.166,-0.145,-0.124,-0.103,-0.079,-0.054,-0.033,-0.013,0.011,0.033,0.054,0.069,0.074,0.072,0.07,0.072,0.078,0.08,0.073,0.06,0.043,0.021,0.003,-0.01,-0.022,-0.03,-0.037,-0.048,-0.057,-0.046,-0.037,-0.066,-0.07,-0.052,-0.059
-0.563,-0.592,-0.604,-0.6,-0.591,-0.584,-0.579,-0.58,-0.592,-0.6,-0.596,-0.588,-0.581,-0.58,-0.578,-0.568,-0.553,-0.54,-0.53,-0.526,-0.524,-0.519,-0.511,-0.504,-0.497,-0.487,-0.473,-0.459,-0.446,-0.429,-0.402,-0.369,-0.334,-0.302,-0.274,-0.249,-0.226,-0.206,-0.185,-0.163,-0.147,-0.134,-0.117,-0.098,-0.076,-0.057,-0.042,-0.024,0.0,0.025,0.05,0.065,0.061,0.049,0.042,0.04,0.037,0.036,0.035,0.032,0.027,0.012,-0.003,-0.021,-0.032,-0.03,-0.028,-0.039,-0.053,-0.048,-0.044,-0.061,-0.059,-0.04,-0.045
-0.553,-0.583,-0.601,-0.602,-0.589,-0.577,-0.569,-0.576,-0.592,-0.606,-0.608,-0.604,-0.597,-0.591,-0.59,-0.591,-0.579,-0.56,-0.559,-0.553,-0.54,-0.528,-0.511,-0.496,-0.481,-0.463,-0.444,-0.426,-0.408,-0.386,-0.359,-0.329,-0.299,-0.268,-0.243,-0.224,-0.207,-0.189,-0.17,-0.151,-0.133,-0.119,-0.107,-0.091,-0.076,-0.061,-0.041,-0.013,0.016,0.039,0.054,0.058,0.056,0.047,0.04,0.035,0.023,0.008,0.0,0.003,0.005,-0.005,-0.018,-0.031,-0.034,-0.024,-0.015,-0.021,-0.037,-0.043,-0.038,-0.034,-0.028,-0.012,-0.004
-0.545,-0.569,-0.586,-0.594,-0.586,-0.569,-0.56,-0.563,-0.577,-0.604,-0.615,-0.607,-0.595,-0.584,-0.585,-0.583,-0.573,-0.56,-0.554,-0.544,-0.527,-0.51,-0.487,-0.465,-0.447,-0.433,-0.417,-0.397,-0.375,-0.353,-0.33,-0.304,-0.276,-0.249,-0.228,-0.211,-0.196,-0.176,-0.153,-0.13,-0.113,-0.104,-0.095,-0.083,-0.071,-0.057,-0.034,-0.004,0.023,0.048,0.064,0.061,0.05,0.043,0.043,0.039,0.024,0.002,-0.015,-0.017,-0.013,-0.021,-0.029,-0.033,-0.026,-0.01,0.004,0.002,-0.012,-0.032,-0.027,0.008,0.016,0.011,0.024
-0.532,-0.559,-0.579,-0.589,-0.582,-0.566,-0.553,-0.545,-0.555,-0.575,-0.587,-0.587,-0.579,-0.572,-0.566,-0.558,-0.546,-0.532,-0.526,-0.51,-0.487,-0.478,-0.464,-0.441,-0.422,-0.408,-0.393,-0.374,-0.355,-0.334,-0.31,-0.287,-0.262,-0.237,-0.216,-0.197,-0.179,-0.157,-0.131,-0.112,-0.1,-0.092,-0.083,-0.074,-0.066,-0.055,-0.031,0.002,0.031,0.058,0.074,0.067,0.052,0.041,0.037,0.032,0.022,0.003,-0.018,-0.026,-0.025,-0.029,-0.034,-0.034,-0.016,0.007,0.023,0.029,0.017,-0.01,0.005,0.053,0.034,-0.006,-0.001
-0.521,-0.547,-0.567,-0.58,-0.579,-0.563,-0.548,-0.539,-0.537,-0.543,-0.548,-0.55,-0.545,-0.536,-0.53,-0.523,-0.512,-0.498,-0.485,-0.473,-0.459,-0.449,-0.438,-0.417,-0.397,-0.385,-0.368,-0.348,-0.332,-0.315,-0.291,-0.267,-0.246,-0.225,-0.206,-0.185,-0.163,-0.137,-0.113,-0.097,-0.083,-0.068,-0.058,-0.054,-0.051,-0.043,-0.024,0.007,0.042,0.07,0.08,0.068,0.048,0.034,0.025,0.019,0.011,-0.008,-0.028,-0.033,-0.027,-0.032,-0.036,-0.032,-0.008,0.022,0.04,0.053,0.046,0.024,0.036,0.063,0.021,-0.027,-0.04
-0.516,-0.538,-0.556,-0.571,-0.58,-0.57,-0.548,-0.532,-0.525,-0.521,-0.515,-0.506,-0.496,-0.487,-0.478,-0.475,-0.478,-0.474,-0.461,-0.449,-0.436,-0.423,-0.412,-0.392,-0.373,-0.36,-0.343,-0.325,-0.31,-0.294,-0.275,-0.255,-0.233,-0.21,-0.187,-0.164,-0.14,-0.114,-0.087,-0.063,-0.044,-0.028,-0.021,-0.023,-0.025,-0.022,-0.008,0.015,0.041,0.064,0.067,0.054,0.04,0.029,0.018,0.007,-0.002,-0.022,-0.043,-0.048,-0.037,-0.035,-0.034,-0.025,0.003,0.034,0.051,0.06,0.058,0.055,0.049,0.037,0.01,-0.031,-0.064
-0.517,-0.535,-0.546,-0.559,-0.572,-0.572,-0.555,-0.536,-0.525,-0.516,-0.503,-0.486,-0.467,-0.451,-0.442,-0.434,-0.433,-0.435,-0.432,-0.424,-0.414,-0.407,-0.394,-0.368,-0.343,-0.327,-0.314,-0.3,-0.286,-0.271,-0.252,-0.231,-0.209,-0.187,-0.162,-0.136,-0.111,-0.083,-0.053,-0.024,0.002,0.014,0.014,0.008,0.003,0.005,0.012,0.026,0.042,0.054,0.059,0.046,0.029,0.021,0.008,-0.006,-0.019,-0.036,-0.054,-0.059,-0.049,-0.04,-0.03,-0.014,0.015,0.04,0.049,0.053,0.056,0.057,0.037,0.013,0.005,-0.001,-0.028
-0.512,-0.534,-0.541,-0.546,-0.556,-0.564,-0.556,-0.541,-0.526,-0.514,-0.501,-0.484,-0.462,-0.443,-0.426,-0.413,-0.403,-0.395,-0.389,-0.385,-0.385,-0.381,-0.371,-0.352,-0.326,-0.301,-0.282,-0.269,-0.258,-0.243,-0.221,-0.197,-0.174,-0.152,-0.126,-0.099,-0.076,-0.051,-0.022,0.007,0.03,0.042,0.04,0.031,0.029,0.034,0.042,0.048,0.047,0.044,0.045,0.036,0.024,0.015,0.001,-0.017,-0.032,-0.046,-0.06,-0.061,-0.053,-0.041,-0.024,-0.007,0.019,0.043,0.048,0.045,0.046,0.043,0.029,0.019,0.011,0.002,-0.016
-0.502,-0.526,-0.535,-0.536,-0.539,-0.545,-0.547,-0.538,-0.527,-0.515,-0.503,-0.491,-0.472,-0.449,-0.428,-0.409,-0.391,-0.373,-0.357,-0.346,-0.341,-0.338,-0.333,-0.322,-0.305,-0.287,-0.267,-0.247,-0.23,-0.213,-0.188,-0.158,-0.13,-0.102,-0.072,-0.047,-0.029,-0.011,0.015,0.042,0.058,0.063,0.058,0.052,0.05,0.056,0.062,0.065,0.062,0.049,0.035,0.026,0.021,0.013,-0.004,-0.023,-0.04,-0.053,-0.061,-0.058,-0.048,-0.038,-0.021,-0.004,0.022,0.048,0.055,0.045,0.038,0.02,0.013,0.022,0.01,0.005,-0.005
-0.489,-0.511,-0.52,-0.519,-0.519,-0.523,-0.527,-0.528,-0.519,-0.506,-0.497,-0.491,-0.473,-0.445,-0.419,-0.395,-0.372,-0.35,-0.331,-0.31,-0.29,-0.28,-0.274,-0.267,-0.256,-0.243,-0.229,-0.215,-0.196,-0.173,-0.148,-0.119,-0.084,-0.048,-0.017,0.003,0.016,0.029,0.044,0.059,0.069,0.073,0.07,0.064,0.069,0.078,0.079,0.074,0.064,0.053,0.036,0.019,0.014,0.007,-0.007,-0.026,-0.045,-0.058,-0.063,-0.057,-0.046,-0.036,-0.021,-0.002,0.021,0.045,0.059,0.065,0.062,0.022,0.007,0.027,0.012,0.009,0.01
-0.477,-0.492,-0.504,-0.502,-0.499,-0.503,-0.506,-0.512,-0.516,-0.511,-0.505,-0.493,-0.471,-0.441,-0.408,-0.383,-0.362,-0.34,-0.317,-0.295,-0.277,-0.26,-0.244,-0.228,-0.208,-0.187,-0.167,-0.15,-0.131,-0.11,-0.084,-0.053,-0.022,0.008,0.032,0.045,0.048,0.05,0.055,0.064,0.073,0.076,0.075,0.074,0.081,0.09,0.089,0.081,0.068,0.054,0.034,0.014,0.007,0.004,-0.007,-0.025,-0.044,-0.058,-0.062,-0.053,-0.042,-0.035,-0.023,-0.006,0.015,0.036,0.049,0.071,0.077,0.033,0.012,0.018,0.011,0.02,0.018
-0.454,-0.462,-0.475,-0.481,-0.476,-0.472,-0.473,-0.479,-0.492,-0.499,-0.496,-0.49,-0.474,-0.445,-0.408,-0.375,-0.35,-0.326,-0.302,-0.28,-0.261,-0.244,-0.225,-0.208,-0.188,-0.161,-0.132,-0.107,-0.084,-0.061,-0.037,-0.012,0.012,0.035,0.05,0.053,0.052,0.05,0.054,0.061,0.069,0.076,0.08,0.083,0.088,0.093,0.094,0.089,0.074,0.051,0.029,0.011,0.002,0.0,-0.005,-0.019,-0.034,-0.045,-0.05,-0.046,-0.039,-0.03,-0.017,-0.002,0.015,0.028,0.032,0.051,0.051,0.016,0.007,0.004,0.005,0.021,0.015
-0.443,-0.433,-0.435,-0.45,-0.453,-0.449,-0.447,-0.449,-0.458,-0.471,-0.479,-0.476,-0.464,-0.443,-0.412,-0.376,-0.345,-0.32,-0.298,-0.273,-0.251,-0.23,-0.208,-0.185,-0.163,-0.138,-0.109,-0.085,-0.064,-0.045,-0.027,-0.009,0.011,0.028,0.036,0.038,0.038,0.041,0.047,0.056,0.063,0.07,0.077,0.084,0.093,0.098,0.099,0.096,0.082,0.058,0.035,0.017,0.002,-0.001,-0.003,-0.014,-0.025,-0.03,-0.031,-0.031,-0.031,-0.025,-0.013,0.002,0.022,0.032,0.018,0.02,0.028,0.02,0.008,0.002,0.002,0.004,0.001
