data/gulf-currents.2010.json
{"header": {"parameterCategory": 2, "parameterNumber": 2, "lo1": -98.0, "la1": 31.960647583007812, "dx": 0.03999999825281041, "dy": 0.03611718614896139, "nx": 525, "ny": 385, "refTime": "2010-06-15T00:00:00Z", "forecastTime": 0, "source": "HYCOM-TSIS GOMb0.04 1/25deg Gulf of Mexico Reanalysis (dataset GOMb0.04-reanalysis-2010-3z, experiment 01.0); https://tds.hycom.org/thredds/dodsC/GOMb0.04/reanalysis/2010/3z; snapshot 2010-06-15T00:00:00Z; bbox W-98.0 E-77.0 S18.0 N31.0; accessed 2026-06-23"}, "data":
[rows 264 to 296 of 385, columns 0 to 74 of 525]
null,null,null,null,-0.105,-0.206,-0.196,-0.164,-0.113,-0.078,0.01,-0.003,-0.055,-0.029,-0.041,-0.054,-0.057,-0.058,-0.074,-0.092,-0.123,-0.169,-0.22,-0.252,-0.261,-0.259,-0.258,-0.257,-0.258,-0.258,-0.252,-0.234,-0.213,-0.203,-0.2,-0.191,-0.176,-0.165,-0.156,-0.15,-0.144,-0.131,-0.112,-0.094,-0.08,-0.076,-0.081,-0.095,-0.11,-0.125,-0.139,-0.151,-0.166,-0.182,-0.204,-0.232,-0.256,-0.273,-0.294,-0.32,-0.34,-0.353,-0.362,-0.379,-0.4,-0.415,-0.414,-0.4,-0.391,-0.389,-0.381,-0.364,-0.348,-0.338,-0.327
null,null,null,null,null,-0.112,-0.232,-0.213,-0.155,-0.113,-0.029,-0.031,-0.065,-0.035,-0.053,-0.075,-0.072,-0.064,-0.079,-0.096,-0.122,-0.165,-0.217,-0.256,-0.269,-0.269,-0.266,-0.264,-0.264,-0.266,-0.261,-0.243,-0.223,-0.215,-0.212,-0.202,-0.185,-0.17,-0.165,-0.162,-0.152,-0.133,-0.112,-0.095,-0.086,-0.089,-0.099,-0.114,-0.132,-0.151,-0.17,-0.187,-0.203,-0.217,-0.232,-0.25,-0.266,-0.282,-0.306,-0.334,-0.352,-0.366,-0.384,-0.403,-0.422,-0.435,-0.434,-0.423,-0.415,-0.413,-0.405,-0.384,-0.364,-0.35,-0.337
null,null,null,null,null,-0.119,-0.252,-0.24,-0.184,-0.15,-0.074,-0.062,-0.083,-0.056,-0.086,-0.109,-0.09,-0.075,-0.087,-0.097,-0.118,-0.155,-0.206,-0.251,-0.271,-0.273,-0.27,-0.267,-0.267,-0.268,-0.264,-0.248,-0.231,-0.223,-0.218,-0.207,-0.195,-0.189,-0.184,-0.175,-0.16,-0.142,-0.122,-0.108,-0.105,-0.11,-0.123,-0.142,-0.164,-0.187,-0.209,-0.229,-0.242,-0.249,-0.256,-0.265,-0.278,-0.295,-0.317,-0.343,-0.364,-0.381,-0.399,-0.42,-0.442,-0.456,-0.457,-0.446,-0.439,-0.44,-0.434,-0.41,-0.385,-0.367,-0.355
null,null,null,null,null,-0.131,-0.259,-0.239,-0.204,-0.189,-0.122,-0.095,-0.117,-0.102,-0.131,-0.142,-0.102,-0.081,-0.085,-0.092,-0.11,-0.143,-0.19,-0.236,-0.264,-0.269,-0.266,-0.265,-0.267,-0.268,-0.261,-0.247,-0.233,-0.225,-0.22,-0.214,-0.206,-0.201,-0.196,-0.185,-0.165,-0.147,-0.137,-0.128,-0.126,-0.136,-0.152,-0.173,-0.2,-0.23,-0.257,-0.273,-0.277,-0.274,-0.274,-0.284,-0.302,-0.315,-0.329,-0.35,-0.374,-0.398,-0.421,-0.443,-0.462,-0.475,-0.476,-0.472,-0.465,-0.464,-0.462,-0.439,-0.411,-0.393,-0.38
null,null,null,null,null,-0.123,-0.238,-0.225,-0.21,-0.218,-0.169,-0.127,-0.148,-0.153,-0.171,-0.158,-0.109,-0.081,-0.073,-0.075,-0.095,-0.128,-0.171,-0.216,-0.247,-0.258,-0.258,-0.256,-0.256,-0.258,-0.255,-0.241,-0.228,-0.221,-0.219,-0.218,-0.218,-0.219,-0.211,-0.193,-0.175,-0.162,-0.153,-0.15,-0.156,-0.168,-0.182,-0.204,-0.238,-0.275,-0.301,-0.309,-0.305,-0.3,-0.304,-0.317,-0.332,-0.341,-0.348,-0.367,-0.393,-0.419,-0.438,-0.455,-0.477,-0.493,-0.495,-0.486,-0.481,-0.485,-0.485,-0.465,-0.439,-0.421,-0.405
null,null,null,null,null,null,-0.095,-0.194,-0.2,-0.229,-0.203,-0.153,-0.171,-0.203,-0.207,-0.161,-0.105,-0.078,-0.066,-0.063,-0.078,-0.109,-0.151,-0.194,-0.229,-0.246,-0.248,-0.245,-0.242,-0.241,-0.241,-0.233,-0.219,-0.214,-0.216,-0.22,-0.224,-0.226,-0.222,-0.207,-0.19,-0.179,-0.172,-0.176,-0.187,-0.198,-0.209,-0.233,-0.272,-0.31,-0.332,-0.334,-0.326,-0.32,-0.325,-0.341,-0.352,-0.356,-0.366,-0.387,-0.416,-0.439,-0.452,-0.47,-0.489,-0.507,-0.511,-0.501,-0.493,-0.495,-0.496,-0.479,-0.457,-0.444,-0.429
null,null,null,null,null,null,-0.078,-0.169,-0.192,-0.228,-0.224,-0.173,-0.193,-0.234,-0.221,-0.166,-0.103,-0.071,-0.06,-0.058,-0.066,-0.092,-0.131,-0.174,-0.209,-0.231,-0.237,-0.234,-0.228,-0.223,-0.221,-0.219,-0.21,-0.205,-0.21,-0.221,-0.227,-0.227,-0.223,-0.213,-0.201,-0.193,-0.192,-0.201,-0.212,-0.22,-0.233,-0.262,-0.303,-0.335,-0.352,-0.356,-0.352,-0.348,-0.35,-0.361,-0.369,-0.374,-0.387,-0.408,-0.437,-0.458,-0.469,-0.478,-0.495,-0.513,-0.52,-0.511,-0.495,-0.488,-0.489,-0.482,-0.469,-0.457,-0.442
null,null,null,null,null,null,-0.071,-0.159,-0.192,-0.234,-0.249,-0.2,-0.198,-0.203,-0.161,-0.138,-0.09,-0.053,-0.043,-0.046,-0.058,-0.08,-0.115,-0.152,-0.187,-0.213,-0.225,-0.223,-0.213,-0.205,-0.201,-0.197,-0.193,-0.195,-0.205,-0.216,-0.226,-0.23,-0.224,-0.214,-0.206,-0.2,-0.203,-0.215,-0.23,-0.237,-0.254,-0.288,-0.324,-0.353,-0.373,-0.381,-0.381,-0.378,-0.375,-0.378,-0.384,-0.395,-0.413,-0.434,-0.457,-0.474,-0.48,-0.483,-0.492,-0.51,-0.519,-0.512,-0.492,-0.478,-0.477,-0.477,-0.472,-0.463,-0.45
null,null,null,null,null,null,-0.073,-0.161,-0.196,-0.252,-0.304,-0.268,-0.264,-0.3,-0.242,-0.181,-0.108,-0.043,-0.032,-0.039,-0.052,-0.072,-0.105,-0.135,-0.164,-0.193,-0.211,-0.213,-0.204,-0.192,-0.185,-0.182,-0.182,-0.187,-0.2,-0.215,-0.226,-0.231,-0.227,-0.221,-0.215,-0.211,-0.215,-0.228,-0.241,-0.254,-0.277,-0.305,-0.333,-0.361,-0.386,-0.402,-0.406,-0.402,-0.395,-0.396,-0.408,-0.423,-0.441,-0.46,-0.477,-0.487,-0.485,-0.481,-0.486,-0.496,-0.505,-0.501,-0.483,-0.468,-0.464,-0.466,-0.468,-0.464,-0.45
null,null,null,null,null,null,-0.078,-0.162,-0.183,-0.227,-0.296,-0.304,-0.274,-0.265,-0.254,-0.25,-0.171,-0.072,-0.041,-0.037,-0.047,-0.066,-0.092,-0.118,-0.144,-0.17,-0.192,-0.204,-0.199,-0.187,-0.176,-0.171,-0.172,-0.181,-0.192,-0.205,-0.22,-0.229,-0.228,-0.223,-0.219,-0.216,-0.223,-0.234,-0.246,-0.265,-0.289,-0.315,-0.342,-0.369,-0.395,-0.413,-0.422,-0.423,-0.42,-0.423,-0.435,-0.449,-0.466,-0.48,-0.492,-0.494,-0.486,-0.479,-0.474,-0.476,-0.481,-0.478,-0.467,-0.457,-0.451,-0.453,-0.462,-0.464,-0.449
null,null,null,null,null,null,null,-0.068,-0.155,-0.191,-0.23,-0.264,-0.258,-0.236,-0.245,-0.28,-0.238,-0.125,-0.071,-0.054,-0.045,-0.057,-0.079,-0.099,-0.118,-0.142,-0.168,-0.188,-0.194,-0.184,-0.171,-0.165,-0.167,-0.175,-0.183,-0.195,-0.211,-0.223,-0.224,-0.222,-0.218,-0.218,-0.224,-0.234,-0.25,-0.272,-0.295,-0.317,-0.345,-0.374,-0.4,-0.423,-0.441,-0.45,-0.45,-0.451,-0.458,-0.475,-0.49,-0.5,-0.504,-0.497,-0.488,-0.479,-0.469,-0.464,-0.462,-0.458,-0.45,-0.443,-0.444,-0.451,-0.464,-0.467,-0.449
null,null,null,null,null,null,null,-0.07,-0.145,-0.159,-0.172,-0.196,-0.195,-0.185,-0.217,-0.253,-0.236,-0.146,-0.082,-0.059,-0.043,-0.049,-0.066,-0.081,-0.097,-0.115,-0.14,-0.169,-0.186,-0.181,-0.166,-0.158,-0.161,-0.168,-0.172,-0.18,-0.199,-0.215,-0.219,-0.216,-0.211,-0.209,-0.216,-0.231,-0.246,-0.267,-0.291,-0.313,-0.343,-0.377,-0.408,-0.435,-0.459,-0.473,-0.475,-0.473,-0.479,-0.493,-0.506,-0.512,-0.512,-0.504,-0.493,-0.481,-0.469,-0.456,-0.448,-0.445,-0.438,-0.433,-0.436,-0.449,-0.465,-0.468,-0.457
null,null,null,null,null,null,null,-0.063,-0.122,-0.112,-0.107,-0.128,-0.14,-0.133,-0.144,-0.19,-0.218,-0.122,-0.018,-0.015,-0.034,-0.042,-0.05,-0.062,-0.08,-0.101,-0.124,-0.154,-0.175,-0.173,-0.159,-0.15,-0.152,-0.157,-0.159,-0.166,-0.183,-0.202,-0.207,-0.203,-0.197,-0.196,-0.201,-0.216,-0.238,-0.262,-0.285,-0.309,-0.347,-0.382,-0.411,-0.444,-0.474,-0.489,-0.491,-0.491,-0.493,-0.502,-0.511,-0.516,-0.519,-0.517,-0.507,-0.488,-0.47,-0.453,-0.439,-0.434,-0.43,-0.426,-0.429,-0.443,-0.461,-0.471,-0.47
null,null,null,null,null,null,null,null,-0.057,-0.096,-0.076,-0.096,-0.13,-0.141,-0.112,-0.112,-0.124,-0.044,0.052,0.05,-0.0,-0.02,-0.032,-0.049,-0.07,-0.093,-0.116,-0.141,-0.16,-0.161,-0.15,-0.141,-0.141,-0.144,-0.146,-0.152,-0.167,-0.184,-0.189,-0.184,-0.179,-0.18,-0.185,-0.199,-0.221,-0.247,-0.271,-0.305,-0.351,-0.384,-0.407,-0.438,-0.474,-0.497,-0.502,-0.504,-0.503,-0.506,-0.513,-0.522,-0.528,-0.526,-0.513,-0.492,-0.47,-0.451,-0.435,-0.424,-0.421,-0.42,-0.422,-0.435,-0.457,-0.478,-0.485
null,null,null,null,null,null,null,null,null,-0.057,-0.11,-0.124,-0.154,-0.151,-0.106,-0.069,-0.027,0.042,0.094,0.07,0.005,-0.012,-0.015,-0.033,-0.059,-0.091,-0.114,-0.129,-0.144,-0.149,-0.142,-0.131,-0.127,-0.13,-0.133,-0.138,-0.151,-0.167,-0.171,-0.169,-0.168,-0.167,-0.172,-0.186,-0.208,-0.235,-0.264,-0.307,-0.357,-0.384,-0.398,-0.428,-0.469,-0.497,-0.506,-0.51,-0.51,-0.512,-0.518,-0.526,-0.534,-0.531,-0.513,-0.489,-0.467,-0.451,-0.432,-0.416,-0.412,-0.414,-0.419,-0.433,-0.46,-0.487,-0.501
null,null,null,null,null,null,null,null,null,-0.066,-0.129,-0.134,-0.152,-0.143,-0.1,-0.056,0.001,0.05,0.058,0.017,-0.02,-0.012,-0.012,-0.033,-0.059,-0.084,-0.105,-0.121,-0.133,-0.14,-0.135,-0.121,-0.112,-0.115,-0.12,-0.124,-0.134,-0.148,-0.156,-0.156,-0.154,-0.157,-0.164,-0.18,-0.202,-0.228,-0.263,-0.315,-0.36,-0.382,-0.398,-0.43,-0.47,-0.496,-0.513,-0.524,-0.523,-0.521,-0.526,-0.532,-0.536,-0.529,-0.511,-0.487,-0.467,-0.451,-0.432,-0.411,-0.401,-0.407,-0.42,-0.438,-0.466,-0.497,-0.519
null,null,null,null,null,null,null,null,null,null,-0.071,-0.141,-0.148,-0.15,-0.12,-0.079,-0.036,-0.006,-0.005,-0.04,-0.049,-0.013,-0.013,-0.031,-0.048,-0.07,-0.094,-0.111,-0.123,-0.132,-0.127,-0.111,-0.097,-0.099,-0.106,-0.11,-0.117,-0.131,-0.143,-0.147,-0.15,-0.156,-0.166,-0.182,-0.204,-0.232,-0.273,-0.324,-0.359,-0.375,-0.395,-0.432,-0.472,-0.497,-0.52,-0.539,-0.542,-0.537,-0.531,-0.531,-0.533,-0.525,-0.508,-0.487,-0.469,-0.451,-0.433,-0.41,-0.397,-0.407,-0.424,-0.443,-0.472,-0.505,-0.534
null,null,null,null,null,null,null,null,null,null,null,-0.069,-0.147,-0.168,-0.163,-0.135,-0.101,-0.076,-0.074,-0.09,-0.067,-0.018,-0.016,-0.036,-0.051,-0.069,-0.093,-0.107,-0.117,-0.122,-0.117,-0.101,-0.084,-0.082,-0.091,-0.098,-0.104,-0.119,-0.134,-0.142,-0.147,-0.157,-0.172,-0.192,-0.217,-0.249,-0.289,-0.33,-0.358,-0.373,-0.392,-0.427,-0.464,-0.496,-0.526,-0.55,-0.554,-0.547,-0.538,-0.531,-0.529,-0.522,-0.508,-0.491,-0.472,-0.449,-0.428,-0.409,-0.397,-0.408,-0.431,-0.452,-0.476,-0.507,-0.54
null,null,null,null,null,null,null,null,null,null,null,-0.076,-0.162,-0.195,-0.215,-0.202,-0.169,-0.128,-0.131,-0.129,-0.075,-0.038,-0.042,-0.059,-0.068,-0.079,-0.094,-0.105,-0.113,-0.114,-0.107,-0.093,-0.076,-0.069,-0.078,-0.089,-0.097,-0.112,-0.128,-0.137,-0.145,-0.159,-0.179,-0.202,-0.228,-0.261,-0.299,-0.333,-0.359,-0.373,-0.385,-0.41,-0.444,-0.482,-0.517,-0.542,-0.558,-0.558,-0.548,-0.535,-0.527,-0.523,-0.512,-0.498,-0.479,-0.454,-0.43,-0.414,-0.405,-0.414,-0.437,-0.456,-0.473,-0.501,-0.537
null,null,null,null,null,null,null,null,null,null,null,null,-0.093,-0.215,-0.258,-0.278,-0.24,-0.18,-0.175,-0.157,-0.089,-0.051,-0.054,-0.066,-0.078,-0.089,-0.1,-0.109,-0.114,-0.112,-0.104,-0.089,-0.071,-0.061,-0.07,-0.084,-0.094,-0.109,-0.124,-0.134,-0.144,-0.161,-0.185,-0.21,-0.237,-0.268,-0.298,-0.327,-0.353,-0.369,-0.38,-0.392,-0.417,-0.453,-0.492,-0.527,-0.549,-0.556,-0.554,-0.542,-0.525,-0.515,-0.513,-0.504,-0.488,-0.462,-0.436,-0.424,-0.42,-0.424,-0.44,-0.457,-0.473,-0.496,-0.532
null,null,null,null,null,null,null,null,null,null,null,null,null,-0.107,-0.252,-0.32,-0.306,-0.223,-0.188,-0.18,-0.114,-0.058,-0.065,-0.073,-0.082,-0.092,-0.101,-0.113,-0.119,-0.116,-0.106,-0.089,-0.07,-0.058,-0.063,-0.078,-0.092,-0.107,-0.123,-0.133,-0.144,-0.165,-0.19,-0.213,-0.237,-0.261,-0.286,-0.313,-0.338,-0.356,-0.366,-0.374,-0.391,-0.42,-0.461,-0.503,-0.53,-0.542,-0.545,-0.541,-0.525,-0.506,-0.503,-0.505,-0.492,-0.471,-0.448,-0.436,-0.435,-0.435,-0.44,-0.456,-0.473,-0.495,-0.526
null,null,null,null,null,null,null,null,null,null,null,null,null,null,-0.122,-0.279,-0.336,-0.283,-0.195,-0.197,-0.145,-0.063,-0.051,-0.064,-0.083,-0.096,-0.103,-0.112,-0.119,-0.12,-0.111,-0.094,-0.072,-0.058,-0.058,-0.07,-0.086,-0.104,-0.121,-0.133,-0.146,-0.166,-0.191,-0.212,-0.231,-0.25,-0.272,-0.299,-0.325,-0.344,-0.355,-0.363,-0.373,-0.395,-0.433,-0.475,-0.502,-0.514,-0.519,-0.522,-0.517,-0.502,-0.494,-0.5,-0.498,-0.484,-0.465,-0.448,-0.447,-0.448,-0.445,-0.456,-0.473,-0.492,-0.519
null,null,null,null,null,null,null,null,null,null,null,null,null,null,null,null,-0.165,-0.283,-0.215,-0.201,-0.17,-0.097,-0.054,-0.055,-0.079,-0.099,-0.109,-0.116,-0.118,-0.116,-0.11,-0.099,-0.08,-0.063,-0.058,-0.063,-0.078,-0.099,-0.119,-0.135,-0.147,-0.166,-0.186,-0.203,-0.218,-0.232,-0.253,-0.28,-0.307,-0.328,-0.344,-0.354,-0.364,-0.383,-0.414,-0.449,-0.47,-0.478,-0.484,-0.494,-0.503,-0.499,-0.491,-0.492,-0.497,-0.494,-0.481,-0.46,-0.451,-0.454,-0.452,-0.457,-0.47,-0.487,-0.513
null,null,null,null,null,null,null,null,null,null,null,null,null,null,null,null,null,-0.114,-0.2,-0.168,-0.151,-0.124,-0.082,-0.053,-0.069,-0.098,-0.115,-0.123,-0.119,-0.111,-0.107,-0.101,-0.087,-0.071,-0.062,-0.06,-0.069,-0.089,-0.114,-0.134,-0.148,-0.16,-0.174,-0.189,-0.199,-0.213,-0.234,-0.258,-0.281,-0.302,-0.324,-0.344,-0.36,-0.378,-0.402,-0.427,-0.444,-0.451,-0.456,-0.466,-0.482,-0.493,-0.493,-0.492,-0.497,-0.5,-0.493,-0.475,-0.454,-0.45,-0.452,-0.452,-0.461,-0.478,-0.502
null,null,null,null,null,null,null,null,null,null,null,null,null,null,null,null,null,-0.093,-0.174,-0.142,-0.122,-0.143,-0.129,-0.088,-0.086,-0.097,-0.109,-0.122,-0.126,-0.115,-0.107,-0.104,-0.095,-0.08,-0.067,-0.059,-0.061,-0.079,-0.106,-0.131,-0.147,-0.155,-0.164,-0.174,-0.184,-0.2,-0.224,-0.246,-0.265,-0.287,-0.311,-0.334,-0.356,-0.378,-0.396,-0.404,-0.412,-0.422,-0.43,-0.443,-0.462,-0.482,-0.493,-0.494,-0.494,-0.501,-0.5,-0.481,-0.454,-0.44,-0.444,-0.446,-0.453,-0.473,-0.496
null,null,null,null,null,null,null,null,null,null,null,null,null,null,null,null,null,-0.07,-0.129,-0.103,-0.099,-0.14,-0.147,-0.104,-0.09,-0.096,-0.106,-0.122,-0.128,-0.121,-0.111,-0.105,-0.098,-0.085,-0.07,-0.06,-0.058,-0.07,-0.097,-0.127,-0.146,-0.152,-0.156,-0.166,-0.177,-0.194,-0.216,-0.235,-0.253,-0.277,-0.302,-0.327,-0.352,-0.374,-0.386,-0.389,-0.391,-0.398,-0.41,-0.425,-0.442,-0.462,-0.48,-0.491,-0.493,-0.496,-0.499,-0.489,-0.463,-0.438,-0.435,-0.44,-0.448,-0.467,-0.491
null,null,null,null,null,null,null,null,null,null,null,null,null,null,null,null,null,-0.058,-0.103,-0.08,-0.093,-0.112,-0.137,-0.137,-0.1,-0.099,-0.111,-0.124,-0.131,-0.125,-0.116,-0.106,-0.098,-0.089,-0.076,-0.063,-0.057,-0.065,-0.09,-0.122,-0.143,-0.15,-0.154,-0.164,-0.177,-0.194,-0.215,-0.234,-0.253,-0.273,-0.295,-0.321,-0.348,-0.366,-0.374,-0.375,-0.374,-0.378,-0.39,-0.405,-0.419,-0.434,-0.454,-0.474,-0.484,-0.482,-0.484,-0.489,-0.478,-0.453,-0.435,-0.437,-0.447,-0.462,-0.489
null,null,null,null,null,null,null,null,null,null,null,null,null,null,null,null,null,-0.037,-0.08,-0.079,-0.095,-0.099,-0.145,-0.176,-0.127,-0.11,-0.119,-0.131,-0.133,-0.13,-0.125,-0.112,-0.101,-0.095,-0.085,-0.07,-0.059,-0.063,-0.086,-0.117,-0.14,-0.15,-0.156,-0.167,-0.183,-0.201,-0.221,-0.24,-0.26,-0.28,-0.298,-0.318,-0.338,-0.354,-0.361,-0.359,-0.359,-0.365,-0.373,-0.384,-0.393,-0.405,-0.422,-0.445,-0.466,-0.471,-0.47,-0.478,-0.487,-0.473,-0.448,-0.44,-0.448,-0.461,-0.482
null,null,null,null,null,null,null,null,null,null,null,null,null,null,null,null,-0.014,-0.04,-0.07,-0.094,-0.124,-0.153,-0.186,-0.196,-0.158,-0.129,-0.127,-0.134,-0.133,-0.131,-0.127,-0.116,-0.104,-0.099,-0.094,-0.082,-0.069,-0.067,-0.085,-0.115,-0.139,-0.152,-0.159,-0.172,-0.188,-0.205,-0.225,-0.247,-0.269,-0.289,-0.302,-0.314,-0.33,-0.344,-0.35,-0.35,-0.349,-0.352,-0.359,-0.365,-0.367,-0.372,-0.387,-0.412,-0.438,-0.458,-0.464,-0.466,-0.478,-0.483,-0.468,-0.451,-0.448,-0.457,-0.475
null,null,null,null,null,null,null,null,null,null,null,null,null,null,null,null,-0.025,-0.06,-0.095,-0.123,-0.155,-0.19,-0.199,-0.199,-0.172,-0.137,-0.134,-0.134,-0.129,-0.132,-0.13,-0.116,-0.105,-0.101,-0.1,-0.095,-0.085,-0.079,-0.09,-0.115,-0.139,-0.154,-0.163,-0.175,-0.189,-0.202,-0.222,-0.247,-0.274,-0.295,-0.307,-0.314,-0.325,-0.336,-0.344,-0.344,-0.344,-0.347,-0.349,-0.346,-0.339,-0.339,-0.352,-0.377,-0.407,-0.433,-0.451,-0.459,-0.464,-0.474,-0.48,-0.47,-0.454,-0.454,-0.468
null,null,null,null,null,null,null,null,null,null,null,null,null,null,null,-0.021,-0.041,-0.052,-0.088,-0.124,-0.158,-0.202,-0.213,-0.225,-0.199,-0.131,-0.117,-0.123,-0.124,-0.13,-0.134,-0.125,-0.113,-0.108,-0.106,-0.106,-0.102,-0.095,-0.099,-0.119,-0.14,-0.154,-0.163,-0.173,-0.186,-0.198,-0.215,-0.24,-0.269,-0.294,-0.305,-0.31,-0.318,-0.33,-0.339,-0.341,-0.341,-0.34,-0.338,-0.329,-0.316,-0.309,-0.32,-0.346,-0.375,-0.404,-0.431,-0.446,-0.449,-0.462,-0.478,-0.477,-0.469,-0.462,-0.464
null,null,null,null,null,null,null,null,null,null,null,null,null,null,null,-0.033,-0.063,-0.064,-0.085,-0.115,-0.143,-0.198,-0.235,-0.269,-0.233,-0.133,-0.112,-0.121,-0.125,-0.128,-0.133,-0.133,-0.125,-0.119,-0.116,-0.117,-0.118,-0.112,-0.111,-0.123,-0.139,-0.152,-0.161,-0.17,-0.181,-0.192,-0.209,-0.234,-0.261,-0.286,-0.298,-0.3,-0.305,-0.318,-0.328,-0.333,-0.333,-0.334,-0.331,-0.319,-0.3,-0.286,-0.289,-0.313,-0.347,-0.376,-0.405,-0.429,-0.439,-0.442,-0.459,-0.481,-0.484,-0.472,-0.458
null,null,null,null,null,null,null,null,null,null,null,null,null,null,null,-0.041,-0.082,-0.083,-0.087,-0.099,-0.13,-0.184,-0.239,-0.308,-0.286,-0.174,-0.129,-0.126,-0.127,-0.13,-0.13,-0.132,-0.132,-0.132,-0.13,-0.13,-0.133,-0.131,-0.124,-0.127,-0.139,-0.149,-0.158,-0.168,-0.18,-0.193,-0.208,-0.23,-0.256,-0.277,-0.287,-0.293,-0.3,-0.308,-0.316,-0.322,-0.324,-0.323,-0.32,-0.311,-0.294,-0.275,-0.267,-0.28,-0.313,-0.349,-0.379,-0.405,-0.424,-0.431,-0.437,-0.458,-0.485,-0.483,-0.458
