data/gulf-currents.json
{"header": {"parameterCategory": 2, "parameterNumber": 2, "lo1": -99.03997802734375, "la1": 41.84000015258789, "dx": 0.24, "dy": 0.24, "nx": 172, "ny": 142, "refTime": "2024-08-28T00:00:00Z", "forecastTime": 0, "source": "HYCOM GOFS 3.1 GLBy0.08/expt_93.0 (NCSS), surface, 2024-08-28T00:00:00Z"}, "data":
[rows 99 to 131 of 142, columns 75 to 149 of 172]
-0.136,-0.083,-0.036,0.04,0.114,0.171,0.146,0.039,-0.049,-0.048,0.003,-0.089,-0.047,null,null,null,null,null,null,null,-0.047,-0.058,0.107,0.28,0.361,0.295,0.071,-0.242,-0.393,-0.263,null,null,0.002,-0.01,0.042,-0.077,-0.093,0.032,0.04,null,null,null,0.209,0.389,0.379,0.312,0.402,0.286,0.153,0.07,0.009,0.011,-0.114,-0.166,-0.103,0.008,-0.037,0.081,null,null,null,null,null,null,-0.156,-0.059,0.006,0.062,-0.011,-0.061,0.048,0.077,0.061,0.015,-0.067
-0.261,-0.279,-0.265,-0.197,-0.112,0.012,0.163,0.235,0.158,0.077,-0.026,-0.04,-0.086,-0.087,null,null,null,null,0.106,null,0.18,0.305,0.386,0.384,0.355,0.293,0.127,-0.015,-0.138,-0.157,-0.066,0.061,0.145,0.146,0.147,0.093,0.061,0.027,0.055,0.025,null,0.078,0.152,0.093,0.2,0.312,0.316,0.248,0.156,0.04,-0.113,-0.219,-0.319,-0.34,-0.41,-0.496,-0.515,-0.437,-0.25,-0.114,0.0,0.01,0.052,0.072,0.081,0.096,0.053,-0.044,-0.039,-0.049,0.018,-0.02,-0.024,-0.033,-0.095
-0.347,-0.372,-0.419,-0.324,-0.226,-0.142,-0.014,0.154,0.218,0.182,0.087,-0.013,-0.094,-0.162,-0.182,-0.138,-0.077,0.054,0.04,0.068,0.091,0.152,0.181,0.173,0.2,0.169,0.039,-0.012,-0.066,-0.098,-0.091,-0.061,0.002,0.019,0.039,0.074,0.07,0.103,0.123,0.026,null,-0.004,-0.071,-0.067,-0.021,0.045,0.054,0.012,-0.043,-0.133,-0.233,-0.329,-0.395,-0.435,-0.521,-0.638,-0.626,-0.604,-0.494,-0.321,-0.176,-0.094,-0.047,-0.057,-0.123,-0.19,-0.21,-0.172,-0.078,-0.037,-0.069,-0.166,-0.145,-0.09,-0.055
-0.311,-0.368,-0.463,-0.352,-0.29,-0.178,-0.135,-0.064,0.016,0.076,0.099,0.053,0.023,-0.057,-0.12,-0.24,-0.302,-0.255,-0.232,-0.23,-0.143,-0.086,-0.057,0.009,0.043,0.0,-0.078,-0.085,-0.113,-0.138,-0.138,-0.169,-0.168,-0.138,-0.096,-0.129,-0.143,-0.131,-0.066,0.01,-0.039,-0.16,-0.198,-0.208,-0.176,-0.142,-0.134,-0.164,-0.221,-0.257,-0.292,-0.273,-0.379,-0.353,-0.36,-0.334,-0.394,-0.473,-0.492,-0.433,-0.298,-0.198,-0.312,-0.385,-0.45,-0.41,-0.304,-0.2,-0.17,-0.132,-0.078,-0.106,-0.165,-0.092,-0.059
-0.085,-0.069,-0.082,-0.236,-0.172,-0.227,-0.154,-0.107,-0.032,0.014,0.119,0.139,0.045,-0.043,-0.071,-0.117,-0.256,-0.318,-0.228,-0.169,-0.262,-0.221,-0.213,-0.177,-0.135,-0.114,-0.127,-0.146,-0.169,-0.177,-0.243,-0.337,-0.354,-0.283,-0.248,-0.232,-0.186,-0.141,-0.163,-0.152,-0.217,-0.337,-0.405,-0.408,-0.352,-0.272,-0.255,-0.208,-0.165,-0.136,-0.155,-0.214,-0.258,-0.253,-0.163,-0.069,-0.044,-0.109,-0.25,-0.378,-0.314,-0.126,-0.339,-0.383,-0.473,-0.448,-0.361,-0.296,-0.239,-0.202,-0.126,-0.032,0.008,0.014,0.062
-0.066,0.109,0.118,-0.158,-0.154,-0.245,-0.172,-0.177,-0.09,-0.017,0.052,0.099,0.036,0.065,-0.003,-0.012,-0.033,-0.09,-0.078,-0.067,-0.123,-0.278,-0.284,-0.333,-0.3,-0.253,-0.258,-0.253,-0.216,-0.227,-0.416,-0.493,-0.49,-0.421,-0.287,-0.114,-0.033,-0.058,-0.077,-0.128,-0.202,-0.325,-0.463,-0.553,-0.562,-0.454,-0.386,-0.378,-0.259,-0.105,-0.106,-0.117,-0.116,-0.119,-0.023,0.106,0.171,0.171,0.135,-0.005,-0.181,-0.129,-0.12,-0.198,-0.278,-0.398,-0.373,-0.288,-0.292,-0.25,-0.166,-0.111,-0.042,0.043,0.093
-0.185,0.008,0.043,-0.023,-0.063,-0.188,-0.149,-0.169,-0.109,-0.04,0.006,0.074,0.134,0.186,0.247,0.3,0.284,0.202,0.089,0.025,-0.019,-0.231,-0.29,-0.356,-0.353,-0.341,-0.342,-0.325,-0.28,-0.42,-0.551,-0.642,-0.676,-0.667,-0.454,-0.177,0.066,0.247,0.189,0.087,0.006,-0.076,-0.257,-0.459,-0.631,-0.641,-0.429,-0.303,-0.379,-0.387,-0.202,-0.183,-0.092,0.133,0.378,0.583,0.659,0.655,0.628,0.497,0.228,-0.03,0.02,-0.108,-0.162,-0.286,-0.308,-0.261,-0.183,-0.206,-0.126,-0.081,-0.088,-0.093,-0.082
-0.194,-0.107,0.117,0.069,0.062,-0.138,-0.122,-0.111,-0.063,-0.001,0.031,0.04,0.043,0.112,0.183,0.228,0.244,0.207,0.136,0.028,-0.035,-0.186,-0.322,-0.277,-0.339,-0.371,-0.425,-0.458,-0.548,-0.653,-0.83,-0.96,-0.797,-0.586,-0.342,0.007,0.134,0.131,0.201,0.273,0.313,0.194,0.033,-0.187,-0.409,-0.579,-0.574,-0.363,-0.187,-0.154,-0.079,0.054,0.261,0.333,0.41,0.508,0.557,0.558,0.566,0.483,0.337,0.101,0.014,-0.043,-0.102,-0.163,-0.182,-0.139,-0.08,-0.071,-0.086,-0.059,-0.064,-0.162,-0.235
-0.165,-0.159,-0.013,0.189,0.055,-0.097,-0.042,0.019,0.039,0.066,0.054,0.032,0.083,0.193,0.225,0.211,0.2,0.194,0.178,0.062,-0.06,-0.2,-0.348,-0.342,-0.324,-0.386,-0.477,-0.629,-0.77,-0.921,-0.866,-0.765,-0.642,-0.438,-0.27,-0.06,0.057,0.18,0.192,0.276,0.289,0.341,0.351,0.066,-0.157,-0.349,-0.447,-0.484,-0.274,-0.165,-0.117,-0.036,0.061,0.18,0.296,0.346,0.393,0.428,0.433,0.367,0.223,0.116,-0.013,-0.002,-0.098,-0.072,-0.08,-0.071,-0.012,0.028,0.015,0.017,0.034,-0.127,-0.199
-0.098,-0.13,-0.129,-0.053,-0.018,0.084,0.008,0.022,0.022,0.018,0.045,0.049,0.038,0.015,-0.036,-0.027,0.007,0.031,0.073,0.013,-0.113,-0.243,-0.367,-0.435,-0.358,-0.397,-0.501,-0.682,-0.798,-0.788,-0.688,-0.568,-0.468,-0.286,-0.121,-0.017,0.086,0.116,0.152,0.219,0.3,0.38,0.335,0.301,0.055,-0.122,-0.243,-0.302,-0.314,-0.17,-0.12,-0.052,0.015,0.13,0.196,0.268,0.335,0.315,0.277,0.238,0.104,-0.035,-0.088,-0.088,-0.151,-0.084,-0.059,-0.032,0.031,0.057,0.028,-0.024,-0.007,-0.075,-0.114
-0.056,-0.065,-0.096,-0.094,-0.155,-0.079,-0.047,-0.064,-0.016,-0.004,-0.041,-0.124,-0.157,-0.137,-0.082,-0.045,-0.035,-0.016,-0.007,-0.087,-0.19,-0.284,-0.368,-0.404,-0.375,-0.331,-0.419,-0.562,-0.635,-0.557,-0.456,-0.398,-0.284,-0.154,-0.146,-0.075,-0.013,-0.032,-0.002,0.098,0.191,0.298,0.343,0.249,0.209,0.083,-0.058,-0.149,-0.202,-0.154,-0.08,-0.058,-0.03,0.026,0.104,0.167,0.152,0.1,0.054,0.007,-0.055,-0.172,-0.228,-0.231,-0.231,-0.131,-0.078,0.038,0.065,0.071,-0.012,-0.105,-0.137,-0.195,-0.242
0.016,0.007,-0.065,-0.081,-0.137,-0.135,-0.177,-0.194,-0.2,-0.192,-0.209,-0.261,-0.26,-0.234,-0.196,-0.189,-0.211,-0.181,-0.159,-0.233,-0.27,-0.301,-0.316,-0.313,-0.32,-0.251,-0.279,-0.359,-0.432,-0.399,-0.367,-0.274,-0.149,-0.103,-0.149,-0.165,-0.127,-0.081,-0.062,-0.009,0.09,0.149,0.205,0.136,0.137,0.105,0.024,-0.062,-0.138,-0.139,-0.115,-0.117,-0.151,-0.102,-0.069,-0.078,-0.1,-0.202,-0.212,-0.257,-0.288,-0.337,-0.316,-0.319,-0.287,-0.162,-0.003,0.094,0.061,0.015,-0.068,-0.172,-0.279,-0.375,-0.46
0.122,0.005,-0.025,-0.065,-0.14,-0.189,-0.235,-0.324,-0.383,-0.404,-0.394,-0.388,-0.374,-0.364,-0.381,-0.401,-0.404,-0.368,-0.347,-0.35,-0.321,-0.271,-0.268,-0.261,-0.259,-0.219,-0.208,-0.224,-0.268,-0.278,-0.257,-0.165,-0.083,-0.092,-0.169,-0.207,-0.166,-0.102,-0.092,-0.079,-0.041,-0.016,-0.012,-0.045,-0.048,0.022,0.012,-0.051,-0.123,-0.132,-0.15,-0.176,-0.244,-0.241,-0.252,-0.327,-0.389,-0.416,-0.484,-0.488,-0.463,-0.408,-0.333,-0.288,-0.244,-0.073,0.13,0.119,0.037,-0.068,-0.163,-0.213,-0.39,-0.503,-0.565
0.002,-0.033,-0.032,-0.079,-0.139,-0.229,-0.277,-0.381,-0.492,-0.545,-0.521,-0.49,-0.493,-0.507,-0.574,-0.582,-0.571,-0.547,-0.497,-0.423,-0.322,-0.233,-0.206,-0.218,-0.238,-0.212,-0.185,-0.186,-0.194,-0.193,-0.104,-0.072,-0.092,-0.065,-0.186,-0.175,-0.167,-0.12,-0.085,-0.162,-0.168,-0.167,-0.218,-0.208,-0.138,-0.062,-0.049,-0.098,-0.182,-0.172,-0.227,-0.255,-0.308,-0.325,-0.357,-0.375,-0.52,-0.598,-0.619,-0.553,-0.432,-0.306,-0.229,-0.151,-0.092,0.069,0.165,0.119,0.018,-0.134,-0.224,-0.321,-0.43,-0.512,-0.53
-0.049,-0.081,-0.105,-0.107,-0.144,-0.23,-0.296,-0.374,-0.495,-0.601,-0.655,-0.593,-0.576,-0.585,-0.656,-0.677,-0.625,-0.603,-0.556,-0.463,-0.339,-0.205,-0.154,-0.2,-0.27,-0.264,-0.22,-0.209,-0.187,-0.136,-0.02,-0.043,-0.088,-0.101,-0.231,-0.198,-0.133,-0.154,-0.14,-0.21,-0.307,-0.292,-0.302,-0.297,-0.248,-0.198,-0.107,-0.168,-0.217,-0.221,-0.256,-0.264,-0.308,-0.358,-0.404,-0.411,-0.386,-0.381,-0.395,-0.318,-0.267,-0.21,-0.128,-0.036,0.085,0.184,0.171,0.143,-0.003,-0.203,-0.301,-0.391,-0.486,-0.526,-0.481
-0.12,-0.114,-0.151,-0.169,-0.214,-0.266,-0.334,-0.383,-0.444,-0.543,-0.67,-0.686,-0.606,-0.606,-0.637,-0.667,-0.706,-0.669,-0.581,-0.471,-0.344,-0.228,-0.176,-0.239,-0.342,-0.319,-0.31,-0.277,-0.215,-0.101,-0.01,-0.065,-0.08,-0.15,-0.319,-0.347,-0.392,-0.276,-0.26,-0.25,-0.397,-0.397,-0.353,-0.373,-0.368,-0.242,-0.15,-0.221,-0.26,-0.277,-0.332,-0.344,-0.321,-0.324,-0.369,-0.366,-0.392,-0.432,-0.383,-0.341,-0.294,-0.253,-0.158,0.034,0.125,0.169,0.195,0.152,-0.046,-0.238,-0.336,-0.355,-0.369,-0.308,-0.272
-0.193,-0.169,-0.152,-0.174,-0.207,-0.279,-0.346,-0.38,-0.412,-0.462,-0.548,-0.669,-0.675,-0.577,-0.618,-0.647,-0.666,-0.664,-0.595,-0.496,-0.404,-0.339,-0.312,-0.344,-0.366,-0.388,-0.412,-0.331,-0.231,-0.128,-0.111,-0.071,-0.111,-0.211,-0.365,-0.429,-0.543,-0.481,-0.377,-0.339,-0.384,-0.434,-0.425,-0.4,-0.327,-0.244,-0.252,-0.329,-0.351,-0.372,-0.42,-0.386,-0.328,-0.306,-0.33,-0.311,-0.336,-0.355,-0.349,-0.37,-0.325,-0.228,-0.09,0.055,0.098,0.14,0.121,0.025,-0.148,-0.263,-0.342,-0.316,-0.293,-0.24,-0.273
-0.195,-0.2,-0.15,-0.177,-0.207,-0.183,-0.219,-0.305,-0.403,-0.467,-0.511,-0.576,-0.688,-0.68,-0.627,-0.664,-0.668,-0.658,-0.621,-0.555,-0.498,-0.445,-0.424,-0.421,-0.434,-0.49,-0.479,-0.326,-0.214,-0.168,-0.152,-0.095,-0.132,-0.222,-0.341,-0.479,-0.624,-0.575,-0.538,-0.417,-0.378,-0.406,-0.4,-0.332,-0.276,-0.333,-0.383,-0.423,-0.431,-0.423,-0.414,-0.426,-0.402,-0.389,-0.362,-0.326,-0.322,-0.348,-0.339,-0.255,-0.175,-0.105,-0.011,0.056,0.057,-0.018,-0.137,-0.189,-0.231,-0.258,-0.289,-0.239,-0.235,-0.164,-0.157
-0.219,-0.239,-0.26,-0.3,-0.312,-0.238,-0.227,-0.274,-0.369,-0.485,-0.539,-0.582,-0.652,-0.746,-0.689,-0.657,-0.661,-0.666,-0.624,-0.568,-0.522,-0.514,-0.542,-0.552,-0.565,-0.545,-0.4,-0.246,-0.157,-0.085,-0.094,-0.078,-0.121,-0.185,-0.279,-0.463,-0.656,-0.735,-0.707,-0.626,-0.453,-0.333,-0.284,-0.227,-0.232,-0.378,-0.443,-0.471,-0.477,-0.49,-0.549,-0.585,-0.65,-0.717,-0.715,-0.688,-0.579,-0.47,-0.435,-0.361,-0.269,-0.201,-0.165,-0.138,-0.168,-0.294,-0.374,-0.374,-0.346,-0.252,-0.174,-0.055,-0.005,-0.071,-0.058
-0.259,-0.292,-0.353,-0.419,-0.401,-0.362,-0.336,-0.314,-0.327,-0.425,-0.524,-0.603,-0.674,-0.731,-0.74,-0.671,-0.665,-0.651,-0.632,-0.62,-0.602,-0.624,-0.66,-0.638,-0.572,-0.443,-0.268,-0.126,-0.03,-0.016,-0.041,-0.058,-0.074,-0.149,-0.229,-0.361,-0.538,-0.887,-0.796,-0.766,-0.644,-0.508,-0.39,-0.316,-0.308,-0.348,-0.379,-0.391,-0.436,-0.447,-0.547,-0.679,-0.789,-0.944,-1.004,-0.974,-0.838,-0.741,-0.653,-0.596,-0.541,-0.467,-0.396,-0.381,-0.453,-0.446,-0.471,-0.484,-0.437,-0.356,-0.267,-0.138,-0.038,-0.035,0.014
-0.296,-0.284,-0.333,-0.401,-0.394,-0.42,-0.406,-0.36,-0.351,-0.393,-0.486,-0.617,-0.697,-0.68,-0.681,-0.692,-0.698,-0.706,-0.712,-0.739,-0.732,-0.687,-0.63,-0.516,-0.397,-0.243,-0.088,0.013,0.045,0.009,0.013,-0.03,-0.037,-0.108,-0.185,-0.283,-0.409,-0.749,-0.886,-0.832,-0.746,-0.639,-0.555,-0.476,-0.364,-0.295,-0.278,-0.29,-0.365,-0.311,-0.358,-0.496,-0.607,-0.68,-0.779,-1.013,-1.043,-0.915,-0.77,-0.708,-0.654,-0.569,-0.576,-0.607,-0.569,-0.537,-0.54,-0.52,-0.447,-0.456,-0.365,-0.213,-0.127,-0.023,0.034
-0.271,-0.259,-0.291,-0.342,-0.365,-0.395,-0.376,-0.383,-0.394,-0.431,-0.503,-0.615,-0.672,-0.685,-0.681,-0.626,-0.617,-0.694,-0.774,-0.831,-0.833,-0.743,-0.597,-0.407,-0.225,-0.088,0.031,0.101,0.081,0.041,0.057,0.01,-0.047,-0.106,-0.164,-0.199,-0.302,-0.43,-0.756,-0.827,-0.815,-0.732,-0.631,-0.51,-0.385,-0.287,-0.223,-0.213,-0.236,-0.177,-0.063,-0.041,-0.157,-0.216,-0.327,-0.438,-0.864,-1.034,-0.891,-0.747,-0.673,-0.637,-0.668,-0.684,-0.635,-0.61,-0.567,-0.546,-0.559,-0.521,-0.452,-0.394,-0.379,-0.22,-0.051
-0.245,-0.233,-0.255,-0.281,-0.317,-0.352,-0.353,-0.376,-0.426,-0.466,-0.506,-0.57,-0.573,-0.556,-0.572,-0.57,-0.564,-0.66,-0.747,-0.763,-0.758,-0.698,-0.615,-0.468,-0.314,-0.153,-0.013,0.08,0.078,0.061,0.066,0.003,-0.114,-0.195,-0.175,-0.179,-0.177,-0.165,-0.196,-0.402,-0.639,-0.665,-0.715,-0.665,-0.564,-0.437,-0.297,-0.187,-0.148,-0.038,0.072,0.167,0.21,0.058,-0.051,-0.212,-0.421,-0.767,-0.987,-0.91,-0.82,-0.758,-0.748,-0.77,-0.751,-0.72,-0.672,-0.574,-0.488,-0.526,-0.516,-0.482,-0.433,-0.286,-0.182
-0.231,-0.206,-0.188,-0.202,-0.226,-0.292,-0.314,-0.305,-0.343,-0.422,-0.471,-0.454,-0.404,-0.359,-0.34,-0.371,-0.376,-0.444,-0.559,-0.637,-0.698,-0.7,-0.63,-0.497,-0.401,-0.285,-0.131,0.009,0.053,0.052,0.072,-0.041,-0.174,-0.193,-0.279,-0.212,-0.043,-0.006,0.061,-0.044,-0.159,-0.406,-0.531,-0.691,-0.469,-0.29,null,-0.225,-0.173,-0.065,0.112,0.2,0.239,0.283,0.15,-0.037,-0.22,-0.383,-0.678,-0.888,-0.919,-0.843,-0.781,-0.799,-0.821,-0.722,-0.591,-0.449,-0.404,-0.486,-0.515,-0.422,-0.377,-0.41,-0.265
-0.16,-0.169,-0.086,-0.053,-0.077,-0.155,-0.167,-0.195,-0.253,-0.338,-0.367,-0.324,-0.264,-0.198,-0.182,-0.209,-0.198,-0.193,-0.221,-0.3,-0.407,-0.417,-0.423,-0.478,-0.459,-0.312,-0.168,-0.073,-0.032,0.019,0.046,-0.066,-0.118,-0.017,0.039,-0.013,-0.082,0.04,-0.013,null,null,-0.045,-0.153,-0.073,-0.198,-0.466,-0.556,-0.352,-0.267,-0.163,-0.023,0.059,0.06,0.188,0.413,0.146,-0.093,-0.177,-0.311,-0.478,-0.678,-0.745,-0.699,-0.688,-0.692,-0.666,-0.62,-0.556,-0.462,-0.448,-0.42,-0.414,-0.344,-0.464,-0.471
-0.055,-0.009,0.042,0.08,0.048,-0.014,-0.035,-0.065,-0.09,-0.138,-0.183,-0.208,-0.174,-0.094,-0.047,-0.051,-0.094,-0.11,-0.1,-0.132,-0.186,-0.189,-0.176,-0.216,-0.219,-0.151,-0.106,-0.021,-0.037,-0.052,-0.015,0.011,0.158,0.26,0.233,0.141,0.073,-0.037,null,null,null,null,-0.139,-0.147,-0.1,-0.036,null,-0.157,-0.089,-0.129,-0.092,null,0.098,0.058,-0.028,0.2,0.043,0.013,-0.058,-0.142,-0.289,-0.377,-0.426,-0.455,-0.422,-0.325,-0.26,-0.274,-0.172,-0.038,-0.147,-0.297,-0.333,-0.461,-0.527
0.015,0.112,0.162,0.168,0.127,0.08,0.041,0.033,0.029,0.031,0.042,0.011,0.028,0.07,0.106,0.091,0.048,0.005,0.017,0.003,0.031,0.1,0.13,0.077,0.08,0.072,0.083,0.163,0.073,0.129,0.185,0.245,0.255,0.286,0.196,0.097,0.04,null,null,null,null,-0.092,-0.116,-0.047,-0.12,null,null,-0.051,0.02,-0.038,-0.174,-0.144,-0.01,0.251,0.061,0.127,0.145,0.106,0.054,-0.002,0.073,0.021,-0.058,-0.157,-0.155,-0.097,-0.052,-0.053,-0.014,-0.01,-0.091,-0.249,-0.308,-0.399,-0.439
0.042,0.154,0.201,0.199,0.127,0.109,0.132,0.124,0.158,0.199,0.238,0.26,0.262,0.25,0.249,0.251,0.264,0.188,0.127,0.072,0.056,0.085,0.138,0.132,0.221,0.319,0.328,0.291,0.22,0.25,0.447,0.44,0.29,-0.011,-0.024,null,null,null,null,0.019,-0.064,-0.023,0.065,0.053,-0.036,-0.131,-0.106,-0.166,0.039,0.065,-0.017,-0.065,-0.286,-0.022,0.106,0.171,0.229,0.184,0.18,0.157,0.119,0.16,0.159,0.121,0.046,0.056,0.087,0.111,0.071,-0.037,-0.127,-0.235,-0.297,-0.223,-0.278
0.031,0.146,0.168,0.163,0.155,0.149,0.176,0.233,0.291,0.316,0.397,0.505,0.568,0.549,0.52,0.523,0.547,0.537,0.481,0.384,0.307,0.218,0.237,0.263,0.245,0.254,0.295,0.268,0.066,0.277,0.388,0.3,0.109,null,null,null,null,null,0.009,0.064,0.056,0.066,0.1,0.153,0.034,-0.008,null,null,null,null,null,null,-0.084,-0.215,-0.015,0.099,0.248,0.382,0.402,0.347,0.299,0.311,0.362,0.224,0.116,0.081,0.111,0.101,0.044,0.011,-0.012,-0.066,-0.18,-0.28,-0.103
-0.007,0.067,0.1,0.133,0.138,0.163,0.262,0.352,0.387,0.457,0.599,0.739,0.825,0.797,0.773,0.776,0.778,0.807,0.804,0.694,0.579,0.415,0.306,0.22,0.148,0.026,-0.134,-0.326,-0.068,null,null,null,null,null,null,null,null,null,null,0.085,0.091,0.089,null,null,null,null,null,null,null,null,null,null,null,-0.001,0.078,0.169,0.426,0.568,0.598,0.435,0.337,0.314,0.306,0.204,0.071,0.092,0.01,0.007,-0.036,0.06,0.064,0.035,-0.027,-0.18,-0.231
0.027,0.028,0.066,0.147,0.229,0.293,0.362,0.443,0.479,0.554,0.75,0.934,1.017,1.01,1.005,0.931,0.88,0.885,0.848,0.806,0.673,0.48,0.319,0.18,-0.149,null,null,null,null,null,null,null,null,null,null,null,null,null,null,null,null,null,null,null,null,null,null,null,null,null,null,null,null,null,0.137,0.218,0.365,0.524,0.626,0.541,0.373,0.242,0.197,0.149,0.113,0.157,0.007,0.041,0.064,0.076,0.057,null,0.029,-0.045,-0.277
0.025,0.055,0.144,0.244,0.367,0.446,0.47,0.471,0.498,0.641,0.736,0.736,0.743,0.789,0.784,0.804,0.751,0.665,0.587,0.597,0.595,0.418,0.196,-0.062,null,null,null,null,null,null,null,null,null,null,null,null,null,null,null,null,null,null,null,null,null,null,null,null,null,null,null,null,null,null,-0.034,0.018,0.222,0.465,0.463,0.397,0.371,0.187,0.034,0.004,-0.033,0.079,0.15,0.106,0.16,0.151,0.052,-0.009,null,-0.002,null
0.047,0.183,0.282,0.345,0.446,0.526,0.579,0.641,0.612,0.508,0.299,0.111,0.115,0.223,0.277,0.444,0.492,0.437,0.368,0.275,0.263,0.141,-0.029,null,null,null,null,null,null,null,null,null,null,null,null,null,null,null,null,null,null,null,null,null,null,null,null,null,null,null,null,null,null,null,null,null,null,null,null,null,null,null,null,-0.114,-0.28,-0.257,-0.095,-0.022,-0.033,0.028,null,null,null,null,null
