data/gulf-currents.json
{"header": {"parameterCategory":2,"parameterNumber":3,"lo1":-99,"la1":42,"dx":0.15,"dy":0.15,"nx":274,"ny":228,"refTime":"2026-06-23T00:24:52.819Z","forecastTime":0,"source":"illustrative field (tools/generate-field.js)"}, "data":
[rows 176 to 197 of 228, columns 49 to 97 of 274]
0.009999999999998135,0.009999999999998063,0.009999999999998095,0.009999999999998217,0.009999999999998416,0.009999999999998751,0.009999999999999624,0.01000000000000312,0.010000000000019004,0.010000000000090417,0.010000000000397564,0.010000000001653126,0.010000000006525364,0.010000000024468348,0.010000000087169924,0.010000000295056308,0.0100000009489059,0.010000002899496149,0.010000008417893865,0.010000023220202565,0.010000060856960414,0.010000151543119102,0.010000358545193048,0.010000805996781027,0.010001721489712059,0.010003493472087455,0.010006735841286038,0.010012339800411564,0.010021478608751983,0.010035521057021206,0.010055814538301702,0.010083327914833701,0.010118375511417484,0.010165033305653945,0.010228363742903486,0.010313637858891458,0.010427538798771669,0.010578453241537208,0.010776795335002804,0.011035357968177329,0.011369682702961917,0.011798435552631596,0.012343771133731325,0.013031662714507897,0.013892170610527492,0.014959616604095682,0.016272628044787858,0.01787401255362521,0.01981042337919825
0.009999999999999374,0.009999999999999357,0.009999999999999372,0.009999999999999417,0.009999999999999488,0.00999999999999961,0.009999999999999938,0.010000000000001286,0.010000000000007453,0.01000000000003521,0.010000000000154628,0.01000000000064281,0.010000000002537235,0.01000000000951384,0.010000000033893517,0.010000000114724072,0.010000000368954404,0.010000001127384492,0.010000003273052378,0.010000009028498073,0.010000023662452834,0.010000058923118723,0.010000139409833268,0.010000313388323178,0.010000669351028292,0.010001358334654906,0.010002619035280536,0.010004797971219923,0.01000835133010247,0.010013811326245457,0.010021701854121722,0.010032399627534537,0.01004649126221411,0.010066120931726272,0.010093336689493552,0.010130771038597752,0.01018185131856644,0.010250996107709758,0.010343845321053768,0.010467524957299558,0.010630945685864491,0.010845132092897539,0.011123576382000903,0.011482606651447784,0.011941755601565181,0.012524110791121548,0.013256622570548717,0.014170340873959212,0.015300547544311743
0.009999999999999796,0.009999999999999792,0.009999999999999799,0.009999999999999815,0.009999999999999839,0.009999999999999882,0.009999999999999998,0.01000000000000049,0.01000000000000274,0.010000000000012879,0.010000000000056504,0.010000000000234856,0.010000000000926969,0.010000000003475817,0.010000000012382744,0.01000000004191357,0.010000000134794677,0.010000000411881309,0.01000000119578466,0.010000003298492726,0.010000008644896172,0.01000002152711077,0.010000050932316339,0.010000114494026983,0.010000244542278774,0.010000496257177182,0.010000956844508498,0.010001752902088728,0.010003051094579196,0.010005045862410172,0.010007928606420385,0.01001184416160271,0.010017313465707443,0.01002511941525325,0.010036172690967526,0.010051700868608158,0.01007334331569295,0.010103268737413426,0.010144318754186749,0.010200180698076228,0.01027559231260739,0.01037658014405039,0.010510732035507942,0.010687502199627536,0.010918544791618615,0.011218068703169243,0.011603202467320446,0.012094353782448964,0.012715543382629639
0.009999999999999936,0.009999999999999934,0.009999999999999938,0.009999999999999943,0.009999999999999952,0.009999999999999966,0.010000000000000005,0.010000000000000174,0.010000000000000946,0.010000000000004425,0.0100000000000194,0.010000000000080625,0.010000000000318213,0.010000000001193186,0.01000000000425077,0.010000000014388158,0.010000000046272535,0.010000000141391279,0.010000000410490881,0.010000001132311889,0.010000002967633865,0.010000007389861214,0.010000017484127483,0.01000003930369376,0.010000083946866835,0.010000170355962077,0.010000328467122087,0.01000060173904879,0.01000104738465523,0.010001732151765093,0.01000272174476619,0.010004099796492532,0.010006113640329908,0.010009048639291515,0.010013292676110657,0.01001938149508764,0.010028048380053717,0.010040287831842092,0.010057436181680025,0.010081272332800666,0.010114141963248505,0.010159108486434273,0.010220133779560289,0.010302291072021677,0.010412011350419399,0.01055736310027949,0.010748363094565975,0.010997313205712636,0.01131915484703371
0.00999999999999998,0.00999999999999998,0.009999999999999981,0.009999999999999983,0.009999999999999986,0.00999999999999999,0.010000000000000004,0.010000000000000057,0.010000000000000306,0.010000000000001428,0.010000000000006259,0.010000000000026007,0.010000000000102642,0.010000000000384866,0.010000000001371098,0.010000000004640942,0.010000000014925342,0.010000000045606177,0.010000000132405054,0.010000000365230568,0.010000000957219134,0.010000002383621726,0.010000005639557353,0.010000012677523392,0.01000002707731173,0.010000054948822562,0.010000105948047778,0.010000194092721019,0.010000337837037661,0.01000055871070688,0.010000877958196937,0.010001345623244649,0.010002047005243405,0.010003090723912941,0.010004631772315479,0.010006889375809385,0.010010170871820533,0.010014903287076491,0.010021674619495487,0.010031287176566128,0.010044825659419724,0.01006374298105836,0.010089967026721804,0.010126031650884614,0.010175235094022125,0.010241828617958032,0.01033123741890634,0.010450314697545263,0.01060762806588089
0.009999999999999995,0.009999999999999995,0.009999999999999995,0.009999999999999995,0.009999999999999997,0.009999999999999997,0.010000000000000002,0.010000000000000018,0.010000000000000094,0.010000000000000434,0.010000000000001898,0.010000000000007883,0.010000000000031109,0.010000000000116643,0.010000000000415546,0.010000000001406559,0.010000000004523514,0.010000000013822138,0.010000000040128796,0.010000000110692625,0.010000000290110162,0.010000000722418577,0.010000001709214576,0.010000003842253285,0.010000008206483769,0.010000016653670238,0.010000032110312246,0.010000058824848664,0.010000102390303509,0.010000169331815264,0.010000267843011494,0.010000418781861392,0.010000649892037378,0.01000100101440933,0.010001530330212853,0.010002322071754038,0.010003497129604279,0.010005227491998068,0.010007755691587163,0.010011420710857024,0.01001669210626215,0.01002421444332845,0.010034864474814558,0.010049823817457552,0.010070670155980713,0.010099490181039047,0.010139017494191467,0.010192798520261635,0.010265388978714965
0.009999999999999998,0.009999999999999998,0.009999999999999998,0.009999999999999998,0.009999999999999998,0.01,0.01,0.010000000000000005,0.010000000000000026,0.010000000000000123,0.01000000000000054,0.010000000000002245,0.01000000000000886,0.010000000000033217,0.010000000000118338,0.010000000000400553,0.010000000001288183,0.0100000000039362,0.010000000011427684,0.010000000031522509,0.010000000082616164,0.010000000205726858,0.010000000486741835,0.010000001094178248,0.010000002337002632,0.010000004742551413,0.010000009144218933,0.010000016751855004,0.01000002915821387,0.010000048213694218,0.010000077480070542,0.010000123582063274,0.010000195644058336,0.01000030741398572,0.010000479431171836,0.010000742120708138,0.010001140166871682,0.010001738632602895,0.010002631435329376,0.01000395296537908,0.010005893844779377,0.01000872207258971,0.010012811086507051,0.010018676583734724,0.010027024275949526,0.010038811085487685,0.010055322595758398,0.010078269811432278,0.010086312354106567
0.01,0.01,0.01,0.01,0.01,0.01,0.01,0.010000000000000002,0.010000000000000007,0.010000000000000033,0.010000000000000144,0.0100000000000006,0.01000000000000237,0.010000000000008889,0.010000000000031664,0.01000000000010718,0.010000000000344691,0.010000000001053246,0.010000000003057813,0.010000000008434772,0.01000000002210638,0.01000000005504826,0.010000000130242066,0.010000000292779511,0.010000000625333658,0.010000001269008851,0.010000002446804209,0.010000004482450567,0.010000007802136076,0.010000012963593267,0.010000021252151228,0.01000003458009742,0.010000055846414018,0.010000089517941213,0.01000014241985639,0.010000224893350534,0.010000352474941897,0.010000548309019431,0.0100008465799697,0.01000129734651854,0.010001973282851582,0.010002978982740898,0.010004463667858902,0.010006638362106057,0.010009798850496184,0.010014356031195798,0.010020875585533188,0.010030129220078447,0.010033560039636907
0.01,0.01,0.01,0.01,0.01,0.01,0.01,0.01,0.010000000000000002,0.010000000000000009,0.010000000000000037,0.010000000000000151,0.010000000000000597,0.010000000000002235,0.01000000000000796,0.010000000000026947,0.010000000000086664,0.01000000000026481,0.010000000000768802,0.010000000002120688,0.010000000005558028,0.010000000013840339,0.010000000032745709,0.010000000073611183,0.010000000157222582,0.010000000319056629,0.010000000615180187,0.01000000112698628,0.01000000196152586,0.010000003305092294,0.010000005527375705,0.0100000091748753,0.010000015115659388,0.010000024717225258,0.010000040116032541,0.010000064622212652,0.010000103321620992,0.010000163963085921,0.010000258253602349,0.010000403730975693,0.010000626445189507,0.010000964760146997,0.010001474690371942,0.010002237316840442,0.01000336898624918,0.010005035191904668,0.010007469263832202,0.010008643658205316,0.010012260903803012
0.01,0.01,0.01,0.01,0.01,0.01,0.01,0.01,0.01,0.010000000000000002,0.010000000000000009,0.010000000000000037,0.01000000000000014,0.010000000000000528,0.01000000000000188,0.010000000000006367,0.010000000000020473,0.01000000000006256,0.010000000000181622,0.010000000000500992,0.01000000000131303,0.010000000003269643,0.01000000000773585,0.010000000017389914,0.01000000003714228,0.010000000075373973,0.010000000145330236,0.010000000266239364,0.01000000046483362,0.010000000798996708,0.010000001363133107,0.010000002308220589,0.010000003879377784,0.010000006471314505,0.010000010714417302,0.010000017607194971,0.010000028718205814,0.010000046491107832,0.01000007470125434,0.01000011913277205,0.010000188573168959,0.010000296260529885,0.010000461969048134,0.010000714985268128,0.010001098313651782,0.0100016745598946,0.010002534077812791,0.010002967208893177,0.010004208942780767
0.01,0.01,0.01,0.01,0.01,0.01,0.01,0.01,0.01,0.01,0.010000000000000002,0.010000000000000009,0.010000000000000031,0.010000000000000118,0.010000000000000418,0.010000000000001414,0.010000000000004545,0.010000000000013887,0.010000000000040315,0.010000000000111208,0.01000000000029146,0.010000000000725779,0.010000000001717167,0.010000000003860128,0.01000000000824466,0.010000000016731141,0.010000000032259686,0.010000000059098495,0.010000000104448988,0.010000000183151123,0.010000000318757737,0.010000000550627159,0.010000000944061352,0.010000001606528577,0.010000002713452884,0.010000004548850435,0.010000007568791122,0.010000012499620264,0.010000020488610296,0.010000033332931781,0.010000053824474556,0.010000086264339715,0.010000137223334395,0.010000216655510027,0.010000339513115864,0.010000528066190896,0.010000641070802715,0.010000957082059192,0.010001357762320804
0.01,0.01,0.01,0.01,0.01,0.01,0.01,0.01,0.01,0.01,0.01,0.010000000000000002,0.010000000000000007,0.010000000000000024,0.010000000000000087,0.010000000000000295,0.010000000000000947,0.010000000000002897,0.010000000000008408,0.010000000000023195,0.01000000000006079,0.010000000000151377,0.010000000000358151,0.010000000000805111,0.0100000000017196,0.010000000003489638,0.010000000006728446,0.010000000012348003,0.01000000002225431,0.010000000039808643,0.010000000070678347,0.010000000124549251,0.010000000217841955,0.010000000378170419,0.010000000651597117,0.010000001114336285,0.010000001891467379,0.010000003186594861,0.01000000532844155,0.01000000884339176,0.010000014567424356,0.01000002381726404,0.010000038649698194,0.010000062250869421,0.010000099515277042,0.010000157898881404,0.010000194293185006,0.010000290068617704,0.010000413301627884
0.01,0.01,0.01,0.01,0.01,0.01,0.01,0.01,0.01,0.01,0.01,0.01,0.010000000000000002,0.010000000000000005,0.010000000000000018,0.010000000000000057,0.010000000000000186,0.010000000000000567,0.010000000000001648,0.010000000000004545,0.010000000000011914,0.010000000000029666,0.010000000000070189,0.010000000000157784,0.010000000000337001,0.010000000000683889,0.01000000000131862,0.010000000002445412,0.01000000000449601,0.010000000008204429,0.010000000014859877,0.010000000026713314,0.010000000047663507,0.010000000084409204,0.01000000014836763,0.010000000258841561,0.01000000044820253,0.010000000770300157,0.010000001313986796,0.010000002224678693,0.010000003738426206,0.010000006235273334,0.01000001032208165,0.010000016959933156,0.01000002765833142,0.010000035212608538,0.010000055329870581,0.010000082604333634,0.010000118879170815
0.01,0.01,0.01,0.01,0.01,0.01,0.01,0.01,0.01,0.01,0.01,0.01,0.01,0.010000000000000002,0.010000000000000004,0.01000000000000001,0.010000000000000035,0.010000000000000104,0.010000000000000304,0.010000000000000838,0.010000000000002195,0.010000000000005463,0.010000000000012926,0.010000000000029055,0.010000000000062056,0.010000000000125934,0.010000000000243009,0.01000000000045921,0.010000000000861278,0.010000000001603329,0.010000000002962424,0.010000000005432724,0.010000000009888573,0.010000000017864679,0.010000000032033345,0.010000000057010502,0.010000000100705425,0.010000000176561585,0.010000000307245042,0.010000000530662991,0.010000000909699417,0.010000001547826123,0.010000002613915307,0.010000004381329117,0.010000007288954019,0.0100000094221671,0.010000014805131113,0.010000022110980791,0.010000032310204403
0.01,0.01,0.01,0.01,0.01,0.01,0.01,0.01,0.01,0.01,0.01,0.01,0.01,0.01,0.01,0.010000000000000002,0.010000000000000005,0.010000000000000018,0.010000000000000052,0.010000000000000144,0.01000000000000038,0.010000000000000946,0.010000000000002236,0.010000000000005027,0.010000000000010738,0.01000000000002179,0.010000000000042416,0.010000000000081766,0.010000000000156446,0.010000000000297098,0.010000000000559993,0.010000000001047636,0.01000000000194529,0.01000000000358512,0.010000000006557958,0.010000000011906356,0.010000000021455296,0.010000000038373865,0.01000000006812113,0.010000000120025459,0.010000000209898859,0.010000000364327449,0.010000000627651783,0.010000001073224653,0.010000001432432574,0.010000002368939243,0.010000003722334332,0.010000005587387796,0.010000008297914005
0.01,0.01,0.01,0.01,0.01,0.01,0.01,0.01,0.01,0.01,0.01,0.01,0.01,0.01,0.01,0.01,0.010000000000000002,0.010000000000000004,0.010000000000000009,0.010000000000000024,0.010000000000000063,0.010000000000000155,0.010000000000000365,0.010000000000000817,0.010000000000001745,0.010000000000003543,0.01000000000000702,0.010000000000013805,0.010000000000026946,0.010000000000052202,0.010000000000100375,0.01000000000019156,0.01000000000036286,0.010000000000682206,0.010000000001273029,0.010000000002357795,0.010000000004334304,0.010000000007908206,0.010000000014321282,0.010000000025741331,0.010000000045922476,0.010000000081313874,0.010000000142905535,0.010000000249274823,0.01000000033839803,0.010000000559638468,0.010000000879364673,0.010000001334150768,0.010000002013693828
0.01,0.01,0.01,0.01,0.01,0.01,0.01,0.01,0.01,0.01,0.01,0.01,0.01,0.01,0.01,0.01,0.01,0.01,0.010000000000000002,0.010000000000000004,0.010000000000000009,0.010000000000000024,0.010000000000000056,0.010000000000000125,0.010000000000000267,0.010000000000000545,0.010000000000001102,0.01000000000000221,0.010000000000004401,0.010000000000008696,0.01000000000001706,0.010000000000033213,0.01000000000006418,0.010000000000123093,0.010000000000234321,0.010000000000442728,0.010000000000830248,0.010000000001545339,0.01000000000285486,0.010000000005234698,0.010000000009526723,0.010000000017208398,0.01000000003085193,0.010000000054899604,0.010000000075115919,0.010000000124225774,0.010000000195329081,0.010000000301020653,0.010000000461756729
0.01,0.01,0.01,0.01,0.01,0.01,0.01,0.01,0.01,0.01,0.01,0.01,0.01,0.01,0.01,0.01,0.01,0.01,0.01,0.01,0.010000000000000002,0.010000000000000004,0.010000000000000009,0.010000000000000018,0.010000000000000038,0.01000000000000008,0.010000000000000163,0.010000000000000335,0.010000000000000682,0.010000000000001374,0.01000000000000275,0.010000000000005461,0.010000000000010764,0.01000000000002106,0.010000000000040896,0.010000000000078826,0.0100000000001508,0.010000000000286334,0.010000000000539624,0.010000000001009382,0.01000000000187398,0.01000000000345318,0.01000000000631566,0.010000000009000956,0.010000000015667029,0.01000000002590994,0.010000000040975584,0.010000000064177525,0.010000000100052584
0.01,0.01,0.01,0.01,0.01,0.01,0.01,0.01,0.01,0.01,0.01,0.01,0.01,0.01,0.01,0.01,0.01,0.01,0.01,0.01,0.01,0.01,0.010000000000000002,0.010000000000000002,0.010000000000000005,0.01000000000000001,0.010000000000000023,0.010000000000000049,0.0100000000000001,0.010000000000000207,0.01000000000000042,0.010000000000000852,0.010000000000001712,0.010000000000003416,0.010000000000006769,0.010000000000013307,0.01000000000002597,0.010000000000050307,0.010000000000096716,0.010000000000184554,0.010000000000349535,0.010000000000657054,0.010000000001225908,0.010000000001763982,0.010000000003070377,0.010000000005077753,0.010000000008122295,0.010000000012929,0.010000000020485128
0.01,0.01,0.01,0.01,0.01,0.01,0.01,0.01,0.01,0.01,0.01,0.01,0.01,0.01,0.01,0.01,0.01,0.01,0.01,0.01,0.01,0.01,0.01,0.01,0.01,0.010000000000000002,0.010000000000000004,0.010000000000000007,0.010000000000000014,0.01000000000000003,0.010000000000000061,0.010000000000000127,0.010000000000000259,0.010000000000000526,0.010000000000001062,0.01000000000000213,0.010000000000004242,0.01000000000000838,0.010000000000016437,0.010000000000031995,0.010000000000061819,0.010000000000118546,0.01000000000017731,0.010000000000324825,0.01000000000056539,0.010000000000936054,0.010000000001521344,0.010000000002461174,0.010000000003963184
0.01,0.01,0.01,0.01,0.01,0.01,0.01,0.01,0.01,0.01,0.01,0.01,0.01,0.01,0.01,0.01,0.01,0.01,0.01,0.01,0.01,0.01,0.01,0.01,0.01,0.01,0.01,0.01,0.010000000000000002,0.010000000000000004,0.010000000000000009,0.010000000000000018,0.010000000000000037,0.010000000000000077,0.010000000000000158,0.010000000000000323,0.010000000000000658,0.010000000000001324,0.010000000000002649,0.01000000000000526,0.010000000000010367,0.01000000000002028,0.010000000000030679,0.010000000000056204,0.010000000000097826,0.01000000000016301,0.01000000000026926,0.010000000000442705,0.010000000000724511
0.01,0.01,0.01,0.01,0.01,0.01,0.01,0.01,0.01,0.01,0.01,0.01,0.01,0.01,0.01,0.01,0.01,0.01,0.01,0.01,0.01,0.01,0.01,0.01,0.01,0.01,0.01,0.01,0.01,0.01,0.010000000000000002,0.010000000000000002,0.010000000000000005,0.01000000000000001,0.010000000000000023,0.010000000000000047,0.010000000000000097,0.010000000000000198,0.010000000000000404,0.01000000000000082,0.010000000000001648,0.010000000000002587,0.010000000000004988,0.010000000000009137,0.010000000000015904,0.010000000000026824,0.010000000000045032,0.010000000000075246,0.010000000000125154
