data/gulf-currents.json
{"header": {"parameterCategory": 2, "parameterNumber": 2, "lo1": -99.03997802734375, "la1": 41.84000015258789, "dx": 0.24, "dy": 0.24, "nx": 172, "ny": 142, "refTime": "2024-08-28T00:00:00Z", "forecastTime": 0, "source": "HYCOM GOFS 3.1 GLBy0.08/expt_93.0 (NCSS), surface, 2024-08-28T00:00:00Z"}, "data":
[rows 0 to 32 of 142, columns 75 to 149 of 172]
null,null,null,null,null,null,null,null,null,null,null,null,null,null,null,null,null,null,null,null,null,null,null,null,null,null,null,null,null,null,null,null,null,null,null,null,null,null,null,null,null,null,null,null,0.006,0.044,null,0.008,0.068,-0.026,-0.131,-0.145,-0.119,-0.041,0.009,0.016,-0.027,-0.011,-0.054,-0.108,-0.028,-0.067,-0.152,0.158,0.044,-0.139,-0.186,-0.067,0.123,0.206,0.32,0.126,0.0,0.085,0.061
null,null,null,null,null,null,null,null,null,null,null,null,null,null,null,null,null,null,null,null,null,null,null,null,null,null,null,null,null,null,null,null,null,null,null,null,null,null,null,null,null,null,null,null,null,0.028,0.021,0.112,0.071,0.116,0.094,0.043,0.021,0.044,0.058,-0.006,-0.048,-0.032,-0.031,-0.024,-0.008,0.09,0.029,-0.098,0.037,-0.112,-0.271,-0.041,0.095,0.202,0.003,-0.123,-0.037,-0.009,-0.024
null,null,null,null,null,null,null,null,null,null,null,null,null,null,null,null,null,null,null,null,null,null,null,null,null,null,null,null,null,null,null,null,null,null,null,null,null,null,null,null,0.117,0.14,0.118,null,null,0.059,0.033,0.122,0.057,0.056,0.094,0.031,0.006,0.054,0.017,0.003,-0.007,0.002,-0.035,0.033,-0.015,-0.079,-0.004,0.06,-0.039,-0.255,-0.306,-0.386,-0.21,-0.08,-0.075,0.186,0.237,0.161,-0.109
null,null,null,null,null,null,null,null,null,null,null,null,null,null,null,null,null,null,null,null,null,null,null,null,null,null,null,null,null,null,null,null,null,0.075,0.086,0.082,0.149,-0.044,0.118,0.155,0.158,0.178,0.193,0.188,0.149,0.039,0.041,0.047,0.03,0.004,-0.022,-0.01,0.133,0.105,0.052,0.075,0.086,0.079,0.21,-0.049,-0.036,-0.1,-0.178,-0.2,-0.409,-0.543,-0.505,-0.209,-0.118,-0.128,0.321,0.533,0.381,0.195,0.025
null,null,null,null,null,null,null,null,null,null,null,null,null,null,null,null,null,null,null,null,null,null,null,null,null,null,null,null,null,null,null,null,null,null,null,null,null,0.097,0.173,0.121,0.136,0.113,0.135,0.134,0.107,0.055,-0.002,-0.022,-0.052,-0.011,0.047,0.133,0.172,0.121,0.123,0.124,0.097,-0.048,-0.1,-0.14,-0.24,-0.06,0.007,0.035,-0.159,-0.31,-0.186,-0.005,0.108,0.313,0.342,0.398,0.433,0.177,0.104
null,null,null,null,null,null,null,null,null,null,null,null,null,null,null,null,null,null,null,null,null,null,null,null,null,null,null,null,null,null,null,null,0.039,0.134,0.179,0.211,0.219,0.141,0.171,0.076,0.011,0.174,0.227,0.202,0.155,0.06,0.076,0.147,0.234,0.309,0.253,0.12,-0.022,-0.026,-0.033,-0.042,-0.08,-0.182,-0.043,0.015,0.111,0.138,0.042,-0.077,-0.113,-0.054,-0.008,0.047,0.313,0.349,0.138,-0.015,0.096,0.096,-0.084
null,null,null,null,null,null,null,null,null,null,null,null,null,null,null,null,null,null,null,null,null,null,null,null,null,null,null,null,null,null,0.138,0.147,0.084,0.105,0.142,0.173,0.162,0.126,-0.001,0.22,0.12,0.016,-0.086,-0.039,0.019,0.075,0.137,0.172,0.157,0.148,-0.102,-0.159,0.033,0.185,0.092,0.044,0.126,0.053,0.147,0.055,0.028,0.055,-0.049,-0.055,-0.052,0.138,0.027,0.067,0.192,0.198,0.219,0.238,0.085,0.075,-0.158
null,null,null,null,null,null,null,null,null,null,null,null,null,null,null,null,null,null,null,null,null,null,null,null,null,null,null,null,null,null,0.023,0.053,0.147,0.113,0.132,0.108,0.054,0.174,0.034,-0.033,-0.21,-0.281,-0.14,-0.075,-0.091,-0.169,-0.239,-0.24,-0.263,-0.247,-0.203,-0.346,-0.244,-0.059,0.017,0.042,-0.114,0.079,0.147,0.094,0.105,0.017,-0.168,-0.129,0.388,0.286,0.028,0.135,0.219,0.0,0.267,0.248,0.025,-0.001,0.025
null,null,null,null,null,null,null,null,null,null,null,null,null,null,null,null,null,null,null,null,null,null,null,null,null,null,null,null,null,null,0.066,0.034,0.0,-0.007,-0.009,-0.025,0.059,-0.067,-0.226,-0.226,-0.331,-0.198,-0.063,-0.223,-0.303,-0.155,-0.262,-0.458,-0.424,-0.483,-0.221,-0.215,-0.181,-0.172,-0.226,-0.201,-0.234,-0.186,-0.075,-0.046,-0.077,-0.281,-0.28,-0.069,0.054,-0.12,-0.121,0.098,-0.234,-0.152,-0.032,-0.036,-0.013,-0.051,0.238
null,null,null,null,null,null,null,null,null,null,null,null,null,null,null,null,null,null,null,null,null,null,null,null,null,null,null,null,null,0.022,0.078,0.095,0.021,-0.063,0.037,-0.097,-0.369,-0.254,-0.305,-0.274,-0.174,-0.201,-0.151,-0.095,-0.021,-0.285,-0.397,-0.396,-0.184,0.008,0.082,0.18,0.16,0.005,-0.115,-0.284,-0.368,-0.268,-0.292,-0.23,-0.221,-0.178,0.005,0.074,-0.02,-0.145,-0.191,-0.209,-0.506,-0.431,-0.471,-0.296,-0.21,0.164,0.458
null,null,null,null,null,null,null,null,null,null,null,null,null,null,null,null,null,null,null,null,null,null,null,null,null,null,null,null,0.015,0.063,0.108,0.09,0.047,0.108,0.07,-0.156,-0.209,-0.154,0.098,0.114,0.107,-0.036,0.011,0.003,0.152,0.017,-0.254,-0.13,-0.025,0.213,0.372,0.332,0.062,-0.082,-0.116,-0.165,-0.073,0.095,0.111,0.097,0.127,0.135,0.204,0.251,0.252,0.159,0.016,0.028,0.018,-0.146,-0.277,-0.361,-0.002,0.367,0.251
null,null,null,null,null,null,null,null,null,null,null,null,null,null,null,null,null,null,null,null,null,null,null,null,0.06,-0.004,null,0.039,0.109,0.132,0.136,0.002,0.164,0.359,-0.065,-0.378,-0.159,-0.114,-0.163,-0.231,-0.115,0.009,0.074,0.074,0.295,0.183,0.143,0.358,0.282,0.375,0.34,0.278,-0.186,-0.535,-0.222,-0.031,-0.106,-0.107,-0.172,-0.142,-0.076,0.034,0.27,0.363,0.486,0.524,0.556,0.593,0.653,0.718,0.767,0.428,0.434,0.519,0.555
null,null,null,null,null,null,null,null,null,null,null,null,null,null,null,null,null,null,null,null,null,null,null,null,0.025,0.036,0.019,0.048,0.113,0.202,0.076,0.07,0.166,-0.11,-0.044,-0.319,-0.296,-0.492,-0.481,-0.427,-0.472,-0.421,-0.293,-0.018,0.153,0.211,0.345,0.513,0.429,0.368,0.206,0.091,-0.291,-0.192,-0.096,-0.395,-0.6,-0.546,-0.305,-0.285,-0.235,-0.245,-0.165,0.028,0.221,0.309,0.377,0.514,0.593,0.8,1.081,1.247,1.267,1.34,1.3
null,null,null,null,null,null,null,null,null,null,null,null,null,null,null,null,null,null,null,null,null,null,null,null,null,-0.006,0.088,0.104,0.129,0.123,-0.011,0.129,-0.145,-0.025,-0.317,-0.319,-0.429,-0.622,-0.348,-0.462,-0.707,-0.619,-0.39,-0.153,-0.01,0.14,0.368,0.469,0.348,0.207,0.123,-0.003,-0.431,-0.211,-0.156,-0.74,-1.076,-1.027,-0.824,-0.642,-0.567,-0.481,-0.299,-0.128,0.127,0.273,0.35,0.419,0.385,0.44,0.73,0.86,0.811,0.816,0.911
null,null,null,null,null,null,null,null,null,null,null,null,null,null,null,null,null,null,null,null,null,null,null,null,null,-0.007,0.018,0.095,0.12,0.071,0.082,0.039,-0.078,-0.24,-0.324,-0.277,-0.231,-0.18,-0.131,-0.468,-0.482,-0.111,-0.019,0.11,0.411,0.632,0.757,0.686,0.537,0.327,-0.023,-0.21,-0.361,-0.265,-0.063,-0.312,-0.646,-0.93,-0.91,-0.682,-0.41,-0.145,-0.09,-0.119,0.052,0.32,0.388,0.1,0.088,0.249,0.446,0.463,0.456,0.549,0.696
null,null,null,null,null,null,null,null,null,null,null,null,null,null,null,null,null,null,null,null,-0.004,0.043,null,null,null,0.006,0.037,0.107,0.159,0.035,0.263,-0.19,-0.176,-0.075,-0.09,0.004,0.057,0.052,-0.053,0.096,0.3,0.329,0.347,0.766,1.057,1.243,1.341,1.422,1.366,1.343,0.554,0.209,-0.276,-0.157,-0.043,0.237,0.285,-0.001,-0.366,-0.607,-0.271,0.029,0.163,0.085,-0.047,0.001,0.154,0.032,-0.075,0.076,0.128,0.118,0.192,0.341,0.307
null,null,null,null,null,null,null,null,null,null,null,null,null,null,null,null,null,null,null,null,0.014,0.043,null,null,null,-0.025,0.056,0.108,-0.077,0.22,-0.026,-0.211,-0.046,-0.106,0.075,0.284,0.618,0.863,0.947,0.907,0.975,1.116,1.266,1.278,1.428,1.099,0.989,1.103,1.33,1.364,1.313,1.159,0.84,0.468,0.352,0.36,0.5,0.593,0.789,0.652,0.267,0.113,0.184,0.06,0.052,0.142,0.127,0.003,-0.257,-0.186,0.019,0.103,0.203,0.239,0.111
null,null,null,null,null,null,null,null,null,null,null,null,null,null,null,null,null,null,null,null,-0.021,0.053,null,-0.006,-0.007,0.065,0.07,0.098,0.051,-0.238,-0.257,0.065,-0.075,0.003,0.098,0.275,0.525,0.823,1.132,1.417,1.525,1.482,1.371,1.162,1.087,0.99,0.789,0.782,0.755,0.859,0.923,1.041,1.344,1.42,1.327,1.144,0.888,0.681,0.712,0.788,0.574,0.495,0.565,0.721,0.296,0.355,0.194,0.119,-0.274,-0.377,-0.29,-0.123,0.018,0.112,0.059
null,null,null,null,null,null,null,null,null,null,null,null,null,null,null,null,null,null,null,null,-0.014,0.016,null,0.014,0.032,0.076,0.089,-0.01,0.309,0.003,0.029,0.289,0.118,-0.092,0.019,0.18,0.428,0.776,1.067,1.227,1.311,1.424,1.292,0.884,0.814,0.755,0.715,0.585,0.474,0.463,0.462,0.647,0.901,1.137,1.338,1.325,1.033,0.658,0.403,0.494,0.524,0.453,0.426,0.693,0.472,0.438,0.204,0.345,0.091,-0.126,-0.271,-0.26,-0.124,-0.082,-0.072
null,null,null,null,null,null,null,null,null,null,null,null,null,null,null,null,null,null,null,null,0.064,null,0.044,0.029,0.045,0.005,0.117,0.29,0.328,0.175,0.273,0.47,0.246,0.13,0.269,0.591,0.946,1.01,0.838,0.64,0.505,0.556,0.655,0.595,0.642,0.647,0.618,0.396,0.309,0.185,0.234,0.277,0.41,0.609,0.912,1.049,1.016,0.731,0.385,0.264,0.121,-0.102,0.239,0.352,0.135,0.113,0.127,0.401,0.333,0.124,-0.022,-0.239,-0.423,-0.385,-0.205
null,null,null,null,null,null,null,null,null,null,null,null,null,null,null,null,null,null,null,null,0.019,0.0,0.055,0.063,0.053,-0.005,0.048,0.337,0.323,0.1,-0.121,0.037,0.112,0.568,1.055,1.353,1.19,0.833,0.54,0.393,0.585,0.639,0.588,0.441,0.473,0.576,0.473,0.32,0.22,0.233,0.411,0.502,0.357,0.243,0.385,0.569,0.626,0.541,0.245,-0.08,-0.55,-0.104,-0.124,-0.233,-0.334,-0.235,-0.067,0.224,0.281,0.278,0.133,-0.266,-0.417,-0.578,-0.429
null,null,null,null,null,null,null,null,null,null,null,null,null,null,null,null,null,null,null,null,null,null,0.043,0.048,0.04,0.026,0.061,0.187,-0.056,-0.045,0.167,0.652,1.19,1.482,1.459,1.193,0.853,0.341,0.197,0.204,0.241,0.205,0.211,0.33,0.329,0.29,0.098,-0.081,0.046,0.416,0.588,0.535,0.335,0.273,0.202,0.138,0.19,0.106,0.036,-0.457,-0.237,-0.125,-0.326,-0.523,-0.452,-0.228,-0.026,0.127,0.186,0.182,0.06,-0.367,-0.625,-0.665,-0.548
null,null,null,null,null,null,null,null,null,null,null,null,null,null,null,null,null,null,null,null,null,null,-0.048,-0.037,-0.081,-0.086,-0.139,-0.111,-0.222,0.4,1.01,1.264,1.084,0.935,0.845,0.603,0.341,0.068,0.119,0.014,0.219,0.23,0.174,0.02,-0.233,-0.282,-0.143,0.102,0.386,0.523,0.418,0.239,0.079,0.023,-0.032,-0.1,-0.132,-0.08,-0.212,-0.288,-0.055,-0.064,-0.156,-0.122,-0.042,0.169,0.242,0.21,0.388,0.263,-0.143,-0.286,-0.457,-0.376,-0.428
null,null,null,null,null,null,null,null,null,null,null,null,null,null,null,null,null,null,null,null,null,null,-0.019,-0.092,0.07,0.149,-0.027,-0.16,0.362,0.841,0.985,0.869,0.849,0.884,0.498,0.233,-0.004,0.099,-0.01,0.041,0.004,-0.144,-0.271,-0.371,-0.402,-0.399,-0.298,-0.101,-0.056,0.017,0.027,-0.171,-0.238,-0.326,-0.416,-0.446,-0.373,-0.274,-0.333,-0.247,-0.232,-0.022,0.029,0.057,0.122,0.442,0.512,0.418,0.319,-0.067,-0.295,-0.305,-0.3,-0.544,-0.649
null,null,null,null,null,null,null,null,null,null,null,null,null,null,null,null,null,null,null,null,null,null,null,-0.055,-0.092,-0.085,-0.112,0.141,0.596,0.754,0.832,0.804,0.815,0.483,0.16,0.138,0.208,0.191,0.068,0.039,-0.065,-0.255,-0.369,-0.713,-0.773,-0.704,-0.48,-0.373,-0.367,-0.35,-0.3,-0.329,-0.352,-0.451,-0.461,-0.458,-0.419,-0.51,-0.307,0.123,0.111,0.074,-0.028,0.146,0.278,0.359,0.39,0.238,0.143,-0.199,-0.345,-0.294,-0.3,-0.539,-0.653
null,null,null,null,null,null,null,null,null,null,null,null,null,null,null,null,null,null,null,null,null,null,null,-0.017,-0.087,-0.214,-0.058,0.238,0.548,0.678,0.6,0.63,0.803,0.482,0.31,0.351,0.39,0.311,0.271,0.143,-0.089,-0.217,-0.572,-1.095,-1.246,-1.127,-0.691,-0.439,-0.368,-0.363,-0.236,-0.183,-0.332,-0.178,-0.234,-0.504,-0.55,-0.473,-0.195,0.129,0.225,0.231,0.165,0.215,0.22,0.337,0.355,0.167,0.068,-0.223,-0.293,-0.197,-0.268,-0.39,-0.257
null,null,null,null,null,null,null,null,null,null,null,null,null,null,null,null,null,null,null,null,null,null,null,0.042,0.011,0.036,0.346,0.41,0.475,0.524,0.446,0.638,0.731,0.514,0.384,0.38,0.302,0.239,0.29,0.179,-0.054,-0.031,-0.463,-0.72,-0.735,-0.801,-0.59,-0.267,-0.183,-0.059,-0.191,-0.257,-0.127,-0.085,-0.293,-0.667,-0.553,-0.424,-0.245,0.121,0.397,0.559,0.682,0.446,0.302,0.352,0.299,0.141,0.083,0.001,-0.169,-0.176,-0.128,-0.109,-0.071
null,null,null,null,null,null,null,null,null,null,null,null,null,null,null,null,null,null,null,0.022,null,0.081,0.09,0.095,0.093,0.472,0.766,0.504,0.466,0.537,0.574,0.493,0.5,0.376,0.266,0.186,0.108,0.147,0.196,0.001,-0.039,0.166,0.089,0.171,0.176,0.046,-0.005,-0.048,-0.013,0.115,0.119,-0.139,-0.161,-0.204,-0.067,0.08,0.282,0.625,0.918,1.05,1.075,0.975,0.744,0.403,0.344,0.269,0.235,0.133,0.204,0.168,0.197,0.219,0.235,0.174,0.228
null,null,null,null,null,null,null,null,null,null,null,null,null,null,null,null,null,null,null,0.023,0.066,0.11,0.146,0.324,0.697,0.808,0.587,0.427,0.518,0.487,0.495,0.293,0.23,-0.002,-0.082,-0.047,0.046,0.07,-0.063,-0.147,-0.179,0.048,0.358,0.667,0.896,0.612,0.35,0.203,0.235,0.24,0.263,0.302,0.271,0.361,0.703,0.923,0.989,1.061,1.101,1.096,1.019,0.844,0.488,0.29,0.368,0.236,0.196,0.102,0.204,0.397,0.573,0.76,0.764,0.611,0.468
null,null,null,null,null,null,null,null,null,null,null,null,null,null,null,null,null,null,null,null,0.106,0.294,0.376,0.481,0.59,0.528,0.382,0.541,0.404,0.42,0.34,0.076,-0.168,-0.307,-0.28,-0.143,0.011,-0.051,-0.168,-0.222,-0.143,-0.033,0.298,0.602,0.735,0.657,0.26,0.234,0.239,0.09,0.121,0.365,0.501,0.64,0.86,0.96,0.953,0.867,0.892,0.821,0.652,0.443,0.253,0.22,0.288,0.271,0.236,0.207,0.208,0.183,0.252,0.341,0.357,0.553,0.766
null,null,null,null,null,null,null,null,null,null,null,null,null,null,null,null,null,0.041,0.166,0.139,0.156,0.237,0.44,0.546,0.579,0.327,0.379,0.45,0.31,0.341,0.186,-0.008,-0.203,-0.251,-0.256,-0.287,-0.254,-0.26,-0.224,-0.219,-0.128,0.006,0.179,0.356,0.388,0.196,0.094,0.202,-0.021,0.063,0.133,0.314,0.508,0.757,0.888,1.002,0.918,0.811,0.598,0.355,0.294,0.323,0.12,0.155,0.292,0.385,0.418,0.31,0.139,0.054,0.077,0.154,0.365,0.426,0.406
null,null,null,null,null,null,null,null,null,null,null,null,null,null,null,0.059,0.104,0.108,0.137,0.187,0.116,0.334,0.506,0.668,0.587,0.453,0.381,0.333,0.238,0.16,0.036,-0.077,-0.163,-0.286,-0.241,-0.334,-0.378,-0.231,-0.245,-0.242,-0.246,-0.236,-0.27,-0.27,-0.159,0.035,0.114,0.113,-0.019,0.003,0.091,0.258,0.355,0.512,0.543,0.481,0.444,0.264,0.127,0.049,-0.011,-0.031,0.136,0.338,0.359,0.238,0.335,0.285,0.086,-0.01,0.147,0.3,0.34,0.181,0.138
null,null,null,null,null,null,null,null,null,null,null,null,null,null,0.072,0.089,0.137,0.147,0.138,0.179,0.324,0.635,0.779,0.787,0.525,0.429,0.306,0.224,0.112,-0.001,-0.088,-0.159,-0.305,-0.193,-0.106,-0.132,-0.274,-0.238,-0.357,-0.417,-0.51,-0.419,-0.344,-0.119,-0.035,0.181,0.135,-0.097,-0.185,-0.173,-0.171,-0.128,-0.126,-0.094,-0.111,-0.144,-0.195,-0.189,-0.202,-0.246,-0.183,-0.034,0.124,0.216,0.19,0.139,0.07,-0.025,-0.164,-0.139,-0.035,0.151,-0.027,-0.1,-0.186
