data/gulf-currents.json
{"header": {"parameterCategory":2,"parameterNumber":2,"lo1":-98,"la1":30.936943,"dx":0.0799999111111111,"dy":0.07257228813559322,"nx":271,"ny":178,"refTime":"2014-08-30T00:00:00Z","forecastTime":0,"source":"hycom_gom310D via https://coastwatch.pfeg.noaa.gov/erddap"}, "data":
[rows 0 to 24 of 178, columns 58 to 115 of 271]
null,null,null,null,null,null,null,null,null,null,null,null,null,null,null,null,null,null,null,null,null,null,null,null,null,null,null,null,null,null,null,null,null,null,null,null,null,null,null,null,null,null,null,null,null,null,null,null,null,null,null,null,null,null,null,null,null,null
null,null,null,null,null,null,null,null,null,null,null,null,null,null,null,null,null,null,null,null,null,null,null,null,null,null,null,null,null,null,null,null,null,null,null,null,null,null,null,null,null,null,null,null,null,null,null,null,null,null,null,null,null,null,null,null,null,null
null,null,null,null,null,null,null,null,null,null,null,null,null,null,null,null,null,null,null,null,null,null,null,null,null,null,null,null,null,null,null,null,null,null,null,null,null,null,null,null,null,null,null,null,null,null,null,null,null,null,null,null,null,null,null,null,null,null
null,null,null,null,null,null,null,null,null,null,null,null,null,null,null,null,null,null,null,null,null,null,null,null,null,null,null,null,null,null,null,null,null,null,null,null,null,null,null,null,null,null,null,null,null,null,null,null,null,null,null,null,null,null,null,null,null,null
null,null,null,null,null,null,null,null,null,null,null,null,null,null,null,null,null,null,null,null,null,null,null,null,null,null,null,null,null,null,null,null,null,null,null,null,null,null,null,null,null,null,null,null,null,null,null,null,null,null,null,null,null,null,null,null,null,null
null,null,null,null,null,null,null,null,null,null,null,null,null,null,null,null,null,null,null,null,null,null,null,null,null,null,null,null,null,null,null,null,null,null,null,null,null,null,null,null,null,null,null,null,null,null,null,null,null,null,null,null,null,null,null,null,null,null
null,null,null,null,null,null,null,null,null,null,null,null,null,null,null,null,null,null,null,null,null,null,null,null,null,null,null,null,null,null,null,null,null,null,null,null,null,null,null,null,null,null,null,null,null,null,null,null,null,null,null,null,null,null,null,null,null,null
null,null,null,null,null,null,null,null,null,null,null,null,null,null,null,null,null,null,null,null,null,null,null,null,null,null,null,null,null,null,null,null,null,null,null,null,null,null,null,null,null,null,null,null,null,null,null,null,null,null,null,null,null,null,null,null,null,null
null,null,null,null,null,null,null,null,null,null,null,null,null,null,null,null,null,null,null,null,null,null,null,null,null,null,null,null,null,null,null,null,null,null,null,null,null,null,null,null,null,null,null,null,null,null,null,null,null,null,null,null,null,null,null,null,null,null
null,null,null,null,null,null,null,null,null,null,null,null,null,null,null,null,null,null,null,null,null,null,null,null,null,null,null,null,null,null,null,null,null,null,null,null,null,null,null,-0.009972976,-0.007863989,-0.00017342344,null,null,null,null,null,null,null,null,null,0.27393043,0.37811393,0.3812363,0.30282077,0.20319721,0.17584896,0.1301066
null,null,null,null,null,null,null,null,null,null,null,null,null,null,null,null,null,null,null,null,null,null,null,null,null,null,null,null,null,null,null,null,null,null,null,null,null,null,-0.015507494,-0.019011877,-0.014901713,-0.013961494,0.00023038592,0.027047124,null,null,null,null,null,null,0.264483,0.35976645,0.45830896,0.40140522,0.2737297,0.14539173,0.22284576,0.13693748
null,null,null,null,null,null,null,null,null,null,null,null,null,null,null,null,null,null,null,null,null,null,null,null,null,null,null,null,null,null,null,null,null,null,null,null,null,-0.0102237575,-0.024533592,-0.02132957,-0.016397195,-0.014795291,-0.010049854,0.029468192,0.078014135,0.055204775,null,null,0.29787397,0.5750981,0.35549048,0.36093426,0.5591895,0.42112365,0.22277285,0.21490782,0.17278332,0.21461464
null,null,null,null,null,null,null,null,null,null,null,null,null,null,null,null,null,null,null,null,null,null,null,null,null,null,null,null,null,null,null,null,null,null,null,null,null,0.0031727327,-0.0047541205,-0.011890806,-0.010738754,-0.008718895,-0.000095356256,0.005587148,null,0.17857936,0.2554155,0.29502773,0.38158262,0.5622282,0.34583056,0.12545626,null,0.15183719,0.19339386,0.24005595,0.30372664,0.3492364
null,null,null,null,null,null,null,null,null,null,null,null,null,null,null,null,null,null,null,null,null,null,null,null,null,null,null,null,null,null,null,null,null,null,null,null,null,null,null,null,0.01120075,null,null,null,null,0.028416544,0.04874519,0.20529413,0.11854181,null,0.09879188,0.10124867,null,0.1269335,0.15182665,0.16476306,0.1650446,0.110072404
null,null,null,null,null,null,null,null,null,null,null,null,null,null,null,null,null,null,null,null,null,null,null,null,null,null,null,null,null,null,null,null,null,null,null,null,null,null,null,null,null,null,null,null,0.0059216563,0.042420343,0.055824023,0.019450856,null,null,null,null,null,0.16139033,0.13019738,0.1024386,0.022450753,0.02486226
null,0.0075426335,null,null,null,null,null,null,null,null,null,null,null,null,null,null,null,null,null,null,null,null,null,null,null,null,null,null,null,null,null,null,null,null,null,null,null,null,null,null,null,null,null,null,null,null,0.03650438,0.035088014,null,null,null,null,0.09419252,0.09014491,0.09658426,0.10315682,0.06631434,0.016963802
null,null,null,null,null,null,null,null,null,null,null,null,null,null,null,null,null,null,null,null,null,null,null,null,null,null,null,null,null,null,null,null,null,null,null,null,null,null,null,null,null,null,null,null,null,null,null,null,null,null,null,null,0.044020243,0.06898162,0.1102999,0.040927526,null,0.020285035
null,0.06282587,0.06439108,null,null,null,null,null,null,null,null,null,null,null,null,null,null,-0.008715522,-0.00065298984,null,null,null,null,null,null,null,null,null,null,null,null,null,null,null,null,null,null,null,null,null,null,null,null,null,null,null,null,null,null,null,null,null,0.03548908,0.05746703,0.022367742,0.08319539,null,0.14710617
0.10594329,0.0811977,0.058451988,0.07114209,0.06158019,0.027717829,null,null,null,null,null,null,null,null,null,null,-0.0018460653,-0.026315419,-0.11222632,-0.15461636,-0.10557029,-0.013130004,null,null,null,null,null,null,null,null,null,null,null,null,null,null,null,null,null,null,null,null,null,null,null,null,null,null,null,null,0.0932379,0.17699945,0.10699673,0.08262098,0.062766716,0.0931676,0.14799786,0.13825625
0.046119813,0.052778516,0.043205865,0.058423582,0.04477702,0.086486235,0.07235585,0.026569154,null,null,null,null,null,null,null,null,null,0.001507516,null,null,-0.11253646,-0.042689744,null,null,null,null,null,null,null,null,null,null,null,null,null,null,null,null,null,null,null,null,null,null,null,null,null,0.014841576,null,0.004277385,0.04005216,0.05781564,0.03860639,0.042556033,0.064134136,0.123055495,0.13674736,0.12526256
0.02698069,0.008039406,0.016193267,0.020232596,0.029704519,0.032984167,0.07647802,0.08630819,0.10191879,0.080225885,0.07729151,0.060413145,null,null,null,0.020044848,0.04262595,null,null,null,null,-0.0372555,-0.042110234,null,null,null,null,null,null,null,null,null,null,null,null,null,null,null,null,null,null,null,null,null,null,null,null,null,-0.03608925,-0.07166787,-0.048850067,-0.009430436,-0.018219806,0.004220424,0.0201175,0.10159117,0.117202885,0.13798568
0.0018942188,0.038257625,0.012298777,0.013915363,0.015835628,0.027393816,0.047960512,0.03967883,0.07945501,0.09980248,0.10215959,0.11207341,0.1140153,0.107513666,0.09080289,0.09338337,0.07840617,0.05450961,0.04618726,null,null,0.013616238,-0.018497264,-0.051076964,-0.021474252,-0.006259796,null,null,null,null,null,null,null,null,null,null,null,null,null,null,null,null,null,null,null,null,null,null,0.021270152,-0.05925899,-0.10566241,-0.039720647,0.0038566128,-0.014375156,0.049749695,0.08691849,0.10656333,0.14806184
0.07902531,-0.0038892152,0.01828442,0.007983282,0.020600377,0.0018528821,0.0120696975,0.032320715,0.03181101,0.057632186,0.046105336,0.08928031,0.07573182,0.11877991,0.11333886,0.10591551,0.0822628,0.07512964,0.059139818,0.057472706,0.058016352,0.038749125,0.0067414893,-0.019121239,-0.018995382,-0.016711451,-0.0062189563,null,null,null,null,null,null,null,null,null,null,null,null,null,null,null,null,0.021685481,null,null,null,null,-0.0125966035,-0.13781735,-0.20683192,-0.20596355,-0.2605064,-0.12405293,-0.015892567,0.0685112,0.13870278,0.1888897
0.022793045,0.033944875,-0.0036455905,-0.006138848,-0.007917736,-0.011114848,-0.0067137415,0.00025663525,0.016039286,0.026279079,0.03830852,0.08040647,0.07219337,0.08974989,0.08807993,0.10612567,0.09236394,0.08935124,0.10046171,0.08142072,0.07356179,0.060687166,0.036755934,0.01705572,0.0019085384,null,null,null,null,null,null,null,null,null,null,null,null,null,null,null,null,null,null,0.028791614,null,null,null,null,null,null,null,-0.009198988,-0.20225891,-0.250481,0.044099517,0.21391138,0.28574175,0.17168525
-0.02202232,-0.014718309,-0.02762422,-0.031753536,-0.02449023,-0.027735129,-0.026705213,-0.020245131,-0.0106718205,0.0053788843,-0.0018070564,0.054166567,0.07081759,0.07344663,0.083913356,0.098300256,0.10045157,0.098061875,0.1137235,0.107846804,0.0972064,0.07664156,0.0665178,0.047124088,0.03155779,0.017352903,null,null,null,null,null,null,null,null,null,null,null,null,null,null,null,null,null,0.033894103,0.10366428,0.10505992,0.08772332,null,null,null,null,null,null,-0.09133379,-0.2129868,0.009023145,0.3904593,0.19877604
