data/gulf-currents.json
{"header": {"parameterCategory":2,"parameterNumber":3,"lo1":-98.96002197265625,"la1":41.84000015258789,"dx":0.2400002872242647,"dy":0.2400000010821836,"nx":171,"ny":142,"refTime":"2014-04-08T00:00:00Z","forecastTime":0,"source":"nrlHycomGLBu008e910D via https://coastwatch.pfeg.noaa.gov/erddap"}, "data":
[rows 0 to 33 of 142, columns 77 to 153 of 171]
null,null,null,null,null,null,null,null,null,null,null,null,null,null,null,null,null,null,null,null,null,null,null,null,null,null,null,null,null,null,null,null,null,null,null,null,null,null,null,null,null,null,0.044,0.078,0.085,0.039,0.044,0.003,0.012,0.038,0.001,0.008,0.041,0.014,0.031,0.01,-0.012,0.006,-0.003,-0.004,-0.049,0.111,-0.03,-0.229,-0.22,-0.134,0.108,0.231,-0.176,-0.096,0.004,0.369,0.034,0.042,-0.345,-0.153,-0.08
null,null,null,null,null,null,null,null,null,null,null,null,null,null,null,null,null,null,null,null,null,null,null,null,null,null,null,null,null,null,null,null,null,null,null,null,null,null,null,null,null,null,null,0.03,0.102,0.034,0.099,0.029,0.042,0.003,0.156,0.04,-0.027,-0.012,-0.012,-0.008,-0.011,-0.029,-0.006,-0.007,-0.043,-0.018,0.33,0.012,-0.674,-0.087,0.218,-0.046,-0.188,0.076,0.662,0.017,0.663,-0.07,-0.42,-0.338,-0.402
null,null,null,null,null,null,null,null,null,null,null,null,null,null,null,null,null,null,null,null,null,null,null,null,null,null,null,null,null,null,null,null,null,null,null,null,null,null,0.132,0.112,0.085,null,0.244,0.033,0.169,0.16,0.064,0.105,0.03,0.099,0.106,0.017,-0.032,-0.057,-0.053,-0.036,0.008,0.009,-0.137,-0.111,0.369,0.667,0.164,-0.204,-0.44,-0.486,0.295,-0.183,-0.488,-0.086,0.669,-0.305,0.263,0.019,-0.024,0.056,0.024
null,null,null,null,null,null,null,null,null,null,null,null,null,null,null,null,null,null,null,null,null,null,null,null,null,null,null,null,null,null,null,0.058,0.139,0.093,null,0.067,0.209,0.065,0.113,0.085,0.123,0.125,0.101,0.263,0.208,0.269,0.247,0.135,0.073,0.138,0.059,0,-0.026,-0.048,-0.048,-0.043,0.019,-0.051,-0.234,0.208,0.285,0.524,0.37,-0.18,-0.022,-0.179,-0.07,-0.569,-0.459,0.148,0.397,-0.324,0.305,0.038,-0.103,0.232,0.411
null,null,null,null,null,null,null,null,null,null,null,null,null,null,null,null,null,null,null,null,null,null,null,null,null,null,null,null,null,null,null,null,null,null,0.064,0.138,0.145,0.164,0.1,0.069,0.105,0.099,0.097,0.356,0.346,0.216,0.231,0.116,0.132,0.127,0.067,0.031,-0.002,0.007,-0.226,0.093,-0.039,0.052,0.146,0.186,0.057,0.383,0.419,0.027,-0.062,-0.004,-0.484,-0.873,-0.044,0.423,0.179,-0.267,0.128,-0.004,0.087,0.206,0.298
null,null,null,null,null,null,null,null,null,null,null,null,null,null,null,null,null,null,null,null,null,null,null,null,null,null,null,null,null,null,null,0.066,0.188,0.183,0.187,0.184,0.148,0.192,0.084,0.091,0.116,0.094,0.102,0.201,0.223,0.175,0.151,0.153,0.149,0.154,0.013,0.071,-0.156,0.065,-0.265,0.076,0.077,0.316,0.377,0.294,0.208,0.584,0.358,0.078,-0.091,-0.367,-0.681,-0.599,0.013,-0.069,-0.055,-0.096,0.106,0.303,0.331,0.178,-0.081
null,null,null,null,null,null,null,null,null,null,null,null,null,null,null,null,null,null,null,null,null,null,null,null,null,null,null,null,0.231,0.216,0.228,0.202,0.21,0.199,0.195,0.181,0.154,0.151,0.074,0.111,0.141,0.119,0.123,0.152,0.172,0.118,0.094,0.063,0.118,0.129,-0.037,0.067,-0.091,0.112,0.078,0.196,0.763,0.87,0.385,0.338,-0.296,0.234,0.202,0.058,0.094,-0.253,-0.693,-0.876,-0.301,-0.469,0.363,0.507,0.893,0.844,0.661,0.17,-0.401
null,null,null,null,null,null,null,null,null,null,null,null,null,null,null,null,null,null,null,null,null,null,null,null,null,null,null,0.13,0.232,0.216,0.215,0.198,0.195,0.194,0.187,0.132,0.08,0.164,0.091,0.168,0.144,0.139,0.202,0.218,-0.003,0.117,0.035,0.044,0.044,0.112,0.27,-0.057,-0.332,-0.019,0.304,0.398,0.842,0.694,0.35,0.044,-0.069,0.044,0.001,-0.007,0.177,0.12,-0.052,-0.56,-0.28,-0.612,-0.775,0.679,1.474,0.882,0.48,-0.008,-0.309
null,null,null,null,null,null,null,null,null,null,null,null,null,null,null,null,null,null,null,null,null,null,null,null,null,null,null,0.437,0.385,0.222,0.21,0.249,0.207,0.161,0.105,0.001,0.099,0.129,0.17,0.111,0.103,0.199,0.185,0.153,0.009,0.131,0.125,0.236,0.064,-0.173,0.071,0.187,-0.02,0.111,-0.203,0.524,0.481,0.59,0.552,0.162,-0.008,-0.245,-0.374,0.145,0.559,0.807,0.615,-0.081,-0.448,-0.954,-1.531,0.054,1.461,0.58,0.096,0,0.167
null,null,null,null,null,null,null,null,null,null,null,null,null,null,null,null,null,null,null,null,null,null,null,null,null,null,null,0.459,0.437,0.288,0.239,0.259,0.181,0.178,-0.117,0.197,0.326,0.166,0.325,0.061,0.07,0.337,0.257,0.088,-0.079,0.088,0.195,0.132,-0.229,-0.167,0.167,0.389,0.139,-0.054,0.031,0.244,0.231,0.414,0.441,0.313,0.034,-0.188,-0.094,-0.096,0.26,1.183,0.978,0.416,-0.234,-0.95,-0.836,-1.221,0.896,0.341,-0.159,0.138,0.48
null,null,null,null,null,null,null,null,null,null,null,null,null,null,null,null,null,null,null,null,null,null,null,null,null,null,0.15,0.473,0.373,0.309,0.234,0.153,0.033,0.307,-0.019,-0.029,0.467,0.293,0.335,0.207,0.261,0.383,0.33,0.216,0.081,0.141,0.177,0.063,-0.07,-0.165,0.231,0.277,0.113,-0.025,0.115,0.085,0.216,0.494,0.62,0.378,-0.002,-0.017,0.276,-0.173,0.076,0.671,0.967,1.099,0.249,-0.391,-0.102,-1.195,0.117,-0.077,-0.392,-0.002,0.893
null,null,null,null,null,null,null,null,null,null,null,null,null,null,null,null,null,null,null,null,null,null,null,null,null,0.195,0.397,0.383,0.31,0.282,0.16,0.109,0.048,0.15,0.014,0.152,0.339,0.305,0.276,0.244,0.607,0.448,0.196,0.035,-0.202,-0.101,-0.145,0.043,0.084,0.344,0.606,0.566,0.237,0.158,0.208,0.337,0.502,0.683,0.495,0.284,-0.029,-0.434,-0.065,-0.217,0.187,0.064,0.49,1.134,0.768,0.168,-0.144,-0.61,-0.407,-0.329,-0.432,0.05,0.831
null,null,null,null,null,null,null,null,null,null,null,null,null,null,null,null,null,null,null,null,null,null,0.072,null,0.247,0.342,0.29,0.299,0.295,0.195,0.032,-0.03,0.001,0.319,0.575,-0.064,0,0.148,0.218,0.393,0.724,0.373,0.153,0.132,-0.073,-0.361,-0.272,-0.251,0.353,0.425,0.449,0.406,0.347,0.345,0.248,0.223,0.23,0.089,0.307,0.359,0.171,0.008,-0.38,-0.386,-0.091,0.099,-0.06,0.391,0.797,0.558,0.168,-0.023,0.06,0.106,-0.064,0.347,0.814
null,null,null,null,null,null,null,null,null,null,null,null,null,null,null,null,null,0.188,null,null,null,null,null,0.193,0.33,0.304,0.181,0.237,0.186,0.087,0.037,0.104,0.583,0.145,0.515,-0.083,-0.117,0.155,0.314,0.479,0.354,0.277,0.061,0.222,-0.061,-0.324,-0.402,0.223,0.596,0.513,0.302,0.183,0.438,0.747,0.541,0.144,0.057,-0.08,0.342,0.396,0.382,0.123,0.01,-0.101,-0.247,-0.333,-0.01,0.333,0.395,0.303,0.161,0.161,0.306,0.397,0.375,0.884,0.965
null,null,null,null,null,null,null,null,null,null,null,null,null,null,null,null,null,0.217,null,null,null,null,null,0.291,0.344,0.171,0.087,0.118,0.061,0.457,0.422,-0.07,0.852,-0.079,0.235,-0.028,0.214,0.231,0.383,0.411,0.147,-0.079,0.284,0.413,0.229,-0.103,-0.151,0.474,0.501,0.265,0.19,0.492,1.31,1.448,0.875,0.486,0.225,-0.043,0.124,0.326,0.339,-0.216,-0.246,-0.077,-0.033,-0.318,-0.233,0.429,0.335,0.2,0.261,0.235,0.293,0.779,1.4,1.052,0.542
null,null,null,null,null,null,null,null,null,null,null,null,null,null,null,null,null,null,null,null,null,null,null,0.346,0.294,0.102,-0.042,0.113,0.719,0.79,0.503,-0.322,0.498,0.193,-0.192,0.096,0.281,0.653,0.645,0.521,0.225,-0.044,0.103,0.182,0.163,0.125,-0.068,0.201,0.271,0.64,0.751,1.189,2.04,1.316,0.706,0.469,0.057,0.287,0.282,0.253,-0.113,-0.477,-0.283,0.033,-0.106,-0.304,0.122,0.485,0.211,0.094,0.016,0.31,1.191,1.032,1.111,0.815,0.131
null,null,null,null,null,null,null,null,null,null,null,null,null,null,null,null,null,null,0.173,null,null,null,0.182,0.3,0.213,0.043,-0.053,0.312,0.464,0.435,0.313,0.033,0.081,0.036,-0.221,0.098,0.601,0.875,0.883,0.601,0.273,0.046,0.057,0.103,-0.255,-0.234,-0.233,0.041,0.39,0.737,0.919,1.378,1.971,1.398,0.515,0.13,0.333,0.644,0.377,-0.114,-0.128,-0.351,-0.218,-0.356,-0.159,0.049,0.223,0.454,0.081,0.034,0.353,0.865,1.026,0.837,0.632,0.285,-0.327
null,null,null,null,null,null,null,null,null,null,null,null,null,null,null,null,null,null,0.127,null,null,0.076,0.239,0.257,0.12,0.115,0.174,0.082,0.274,0.237,0.346,0.26,0.143,0.116,0.245,0.789,1.14,1.143,0.795,0.476,0.241,0.145,-0.062,-0.294,-0.267,-0.414,-0.478,-0.482,-0.131,0.177,0.905,1.249,1.542,1.431,0.73,0.298,0.451,0.352,0.138,-0.124,-0.171,-0.416,-0.325,0.101,-0.028,0.297,0.472,0.531,0.304,0.211,0.357,0.619,0.896,0.391,0.213,-0.061,-0.311
null,null,null,null,null,null,null,null,null,null,null,null,null,null,null,null,null,null,0.148,null,null,0.227,0.267,0.195,0.132,0.283,0.556,0.165,0.273,0.366,0.236,0.209,0.16,0.391,0.689,0.88,1.226,1.113,0.877,0.32,0.248,0.429,-0.054,-0.258,-0.178,-0.043,-0.306,-0.68,-0.847,-0.26,0.401,1.062,1.282,1.28,0.842,0.624,0.627,0.342,-0.172,-0.325,-0.368,-0.472,0.059,-0.066,0.254,0.435,0.618,0.603,0.401,0.225,0.113,0.305,0.479,0.512,0.034,-0.132,-0.145
null,null,null,null,null,null,null,null,null,null,null,null,null,null,null,null,null,null,0.202,null,0.247,0.293,0.283,0.139,0.292,0.603,0.414,0.207,0.102,0.215,0.287,0.313,0.399,0.569,0.728,0.859,0.886,0.568,0.756,0.293,0.364,0.365,0.227,-0.321,-0.272,0.127,0.026,-0.249,-0.575,-0.37,-0.021,0.748,0.662,0.966,0.745,0.659,0.687,0.365,-0.253,-0.427,-0.673,-0.209,-0.311,-0.131,0.103,0.404,0.771,0.811,0.706,0.362,0.008,-0.017,0.308,0.316,0.275,0.192,0.042
null,null,null,null,null,null,null,null,null,null,null,null,null,null,null,null,null,null,0.083,0.095,0.325,0.361,0.24,0.19,0.383,0.443,0.08,0.169,0.206,0.471,0.824,0.936,0.828,0.657,0.581,0.221,0.404,0.007,0.343,0.257,0.237,0.543,0.041,-0.534,0.129,0.309,0.159,0.048,-0.24,-0.351,-0.34,0.233,0.382,0.478,0.664,0.55,0.479,0.205,-0.349,-0.605,-0.793,-0.512,-0.551,-0.301,-0.109,0.627,1.074,1.019,0.785,0.579,0.234,-0.044,-0.104,0.127,0.323,0.189,0.081
null,null,null,null,null,null,null,null,null,null,null,null,null,null,null,null,null,null,null,0.124,0.419,0.458,0.359,0.234,0.183,0.211,0.29,0.52,1.29,1.826,1.525,1.158,0.87,0.543,0.177,-0.006,-0.204,-0.481,0.345,0.084,0.347,0.141,0.048,0.051,0.326,0.192,0.23,0.474,0.148,-0.3,-0.405,-0.153,0.085,0.807,0.825,0.615,0.412,-0.259,-0.659,-0.891,-0.736,-0.786,-0.73,-0.445,-0.035,0.883,1.355,1.17,0.972,0.657,0.346,0.164,-0.194,-0.192,0.106,0.259,0.108
null,null,null,null,null,null,null,null,null,null,null,null,null,null,null,null,null,null,null,null,0.488,0.47,0.42,0.287,0.388,0.207,1.122,1.68,2.38,1.671,1.18,0.811,0.833,0.644,-0.192,-0.327,-0.614,-0.552,0.406,0.174,0.202,0.244,0.161,0.262,0.227,0.173,0.145,0.389,0.365,-0.205,-0.721,-0.458,0.628,1.036,1.164,0.517,-0.012,-0.688,-0.812,-1.116,-0.78,-0.786,-0.672,-0.421,0.132,0.879,1.315,0.952,1.102,0.973,0.7,0.35,-0.173,-0.68,-0.276,0.169,0.071
null,null,null,null,null,null,null,null,null,null,null,null,null,null,null,null,null,null,null,null,0.554,0.489,0.401,0.295,0.259,1.177,1.652,2.202,2.066,1.135,0.761,0.453,0.561,0.61,-0.115,-0.638,-0.93,0.061,0.19,0.029,-0.039,0.097,0.449,0.404,0.117,0.116,0.182,0.211,0.048,-0.213,-0.321,0.165,0.751,1.209,0.708,0.161,-0.395,-0.748,-0.75,-1.052,-0.707,-0.628,-0.36,-0.086,0.311,0.931,1.083,0.702,1.055,1.146,0.852,0.52,-0.124,-0.757,-0.766,-0.094,-0.138
null,null,null,null,null,null,null,null,null,null,null,null,null,null,null,null,null,null,null,null,null,0.656,0.442,0.283,0.912,1.699,1.976,1.822,1.558,0.81,0.524,0.504,0.55,0.475,-0.316,-0.685,-0.928,0.205,0.085,-0.204,0.072,0.391,0.48,0.175,0.17,0.316,0.405,0.177,0.121,0.169,0.055,0.401,0.278,0.445,0.086,-0.171,-0.18,-0.256,-0.526,-0.807,-0.691,-0.489,-0.236,0.149,0.859,0.931,0.909,0.657,0.766,1.116,0.778,0.446,-0.044,-0.644,-1.056,-0.419,-0.375
null,null,null,null,null,null,null,null,null,null,null,null,null,null,null,null,null,null,null,null,null,0.752,0.392,0.217,1.352,1.94,1.938,1.482,1.004,0.992,0.754,0.747,0.364,0.243,-0.525,-0.722,-1.025,-0.313,-0.073,0.121,0.306,0.056,0.528,0.223,0.204,0.287,0.51,0.132,0.333,0.231,-0.032,0.009,-0.158,0.145,-0.135,-0.057,0.181,0.125,-0.145,-0.446,-0.46,-0.302,-0.161,0.275,0.565,0.898,0.912,0.643,0.527,0.904,0.557,0.517,-0.027,-0.28,-0.825,-0.586,-0.513
null,null,null,null,null,null,null,null,null,null,null,null,null,null,null,null,null,null,null,null,null,0.738,0.467,0.267,1.477,1.879,1.566,1.115,0.435,0.661,0.501,0.86,0.181,0.077,-0.494,-1.019,-0.705,-0.36,-0.062,0.29,-0.091,0.072,0.48,0.497,0.362,0.65,0.469,0.147,0.035,-0.039,-0.128,-0.19,-0.464,-0.06,0.007,0.137,0.204,0.003,-0.076,-0.087,-0.239,-0.208,-0.004,0.135,0.399,0.962,0.922,0.325,0.683,0.684,0.414,0.509,0.148,-0.376,-0.526,-0.331,-0.32
null,null,null,null,null,null,null,null,null,null,null,null,null,null,null,null,null,null,null,null,null,0.68,0.78,0.947,1.78,1.535,1.162,0.756,0.151,0.743,0.407,0.877,0.254,-0.214,-0.7,-0.569,-0.156,-0.015,0.049,0.076,-0.03,-0.074,0.406,0.529,0.766,0.55,0.299,0.05,0.03,-0.186,-0.214,-0.17,-0.203,-0.128,0.196,0.203,0.276,0.157,-0.148,-0.245,-0.256,-0.255,-0.428,0.211,0.922,1.035,0.54,0.421,0.691,0.536,0.404,0.574,0.251,-0.052,-0.48,-0.743,-0.284
null,null,null,null,null,null,null,null,null,null,null,null,null,null,null,null,null,null,null,0.177,0.237,0.719,1.126,1.648,1.244,0.922,0.8,0.508,0.077,0.672,0.397,0.585,0.022,-0.576,-0.628,0.038,0.126,0.163,0.174,-0.001,0.122,-0.13,0.299,0.442,0.646,0.228,-0.032,-0.112,-0.044,-0.061,-0.064,0.082,0.107,0.128,0.181,0.36,0.311,0.221,0.035,-0.038,-0.523,-0.285,-0.486,0.238,0.803,0.825,0.216,0.503,0.519,0.465,0.63,0.603,0.318,0.134,-0.268,-0.696,-1.026
null,null,null,null,null,null,null,null,null,null,null,null,null,null,null,null,null,null,0.267,0.674,0.428,0.973,1.488,1.15,0.97,0.71,0.489,0.25,0.158,0.61,0.455,0.225,-0.133,-0.534,-0.032,0.141,0.231,0.332,0.459,0.094,-0.108,-0.189,0.095,0.252,0.351,-0.125,-0.147,-0.063,0.219,0.511,0.465,0.239,0.197,0.13,0.248,0.322,0.32,0.409,0.198,-0.061,-0.184,-0.112,0.017,0.111,0.423,0.207,0.268,0.363,0.351,0.558,0.549,0.657,0.368,0.191,-0.075,-0.568,-0.962
null,null,null,null,null,null,null,null,null,null,null,null,null,null,0.153,0.09,0.033,0.474,0.486,0.516,1.058,1.276,1.003,0.824,0.86,0.475,0.28,-0.071,0.288,0.547,0.296,0.096,0.148,-0.228,-0.235,0.039,0.234,0.19,0.255,0.015,-0.257,-0.265,-0.168,0.191,0.357,0.02,-0.401,-0.276,0.551,0.677,0.632,0.421,0.18,0.102,0.107,0.217,0.487,0.487,0.289,0.044,-0.081,-0.137,-0.122,-0.132,-0.001,-0.036,0.239,0.199,0.317,0.415,0.454,0.598,0.453,0.219,-0.001,-0.274,-0.517
null,null,null,null,null,null,null,null,null,null,null,null,0.141,0.43,0.428,0.38,0.37,0.559,0.497,0.918,1.219,0.999,0.65,0.699,0.669,0.176,0.033,-0.331,0.422,0.357,0.125,-0.048,-0.26,-0.365,0.036,0.208,0.277,0.16,-0.013,-0.142,-0.51,-0.369,0.079,0.438,0.572,0.207,-0.306,-0.276,0.547,0.7,0.497,0.295,0.147,0.052,0.252,0.279,0.548,0.481,0.341,0.175,0.019,-0.155,-0.219,-0.188,-0.217,0.025,0.115,0.196,0.265,0.228,0.357,0.462,0.48,0.301,0.053,-0.135,-0.163
null,null,null,null,null,null,null,null,null,null,null,null,0.528,0.528,0.485,0.47,0.43,0.428,0.742,1.026,1.118,0.548,0.622,0.531,0.319,0.022,-0.277,0.02,0.345,0.265,0.123,-0.183,-0.462,-0.299,0.193,0.205,0.211,0.004,-0.225,-0.447,-0.586,0.148,0.448,0.75,0.545,0.17,-0.197,-0.139,0.292,0.473,0.491,0.334,0.255,0.198,0.239,0.367,0.452,0.609,0.39,0.057,0.168,-0.169,-0.188,-0.206,-0.165,-0.102,-0.005,0.261,0.428,0.135,0.123,0.302,0.43,0.44,0.226,0.041,-0.066
null,null,null,null,null,null,null,null,null,null,null,0.632,0.638,0.554,0.533,0.423,0.408,0.464,0.83,1.106,0.943,0.262,0.416,0.277,0.295,-0.165,-0.216,-0.039,0.235,0.29,0.185,0.006,-0.188,-0.099,0.069,0.115,0.042,-0.164,-0.437,-0.561,-0.416,0.281,0.786,0.62,0.331,-0.078,-0.288,-0.002,0.162,0.32,0.398,0.427,0.481,0.343,0.332,0.386,0.526,0.861,0.443,-0.091,0.165,-0.261,-0.26,-0.228,-0.146,-0.043,0.154,0.36,0.432,0.214,0.025,0.081,0.272,0.386,0.351,0.2,0.102
