data/gulf-currents.2010.json
{"header": {"parameterCategory": 2, "parameterNumber": 3, "lo1": -98.0, "la1": 31.960647583007812, "dx": 0.03999999825281041, "dy": 0.03611718614896139, "nx": 525, "ny": 385, "refTime": "2010-06-15T00:00:00Z", "forecastTime": 0, "source": "HYCOM-TSIS GOMb0.04 1/25deg Gulf of Mexico Reanalysis (dataset GOMb0.04-reanalysis-2010-3z, experiment 01.0); https://tds.hycom.org/thredds/dodsC/GOMb0.04/reanalysis/2010/3z; snapshot 2010-06-15T00:00:00Z; bbox W-98.0 E-77.0 S18.0 N31.0; accessed 2026-06-23"}, "data":
[rows 34 to 67 of 385, columns 380 to 455 of 525]
null,null,null,null,null,null,null,null,null,null,null,null,null,null,null,null,null,null,null,null,null,null,null,null,null,null,null,null,null,null,null,null,null,null,0.022,0.026,0.153,0.177,0.222,0.258,0.282,0.302,0.324,0.345,0.37,0.392,0.42,0.447,0.445,0.444,0.465,0.487,0.497,0.554,0.611,0.623,0.612,0.617,0.651,0.718,0.693,0.705,0.703,0.639,0.688,0.99,1.286,1.429,1.409,1.269,1.08,1.017,0.939,0.817,0.764,0.829
null,null,null,null,null,null,null,null,null,null,null,null,null,null,null,null,null,null,null,null,null,null,null,null,null,null,null,null,null,null,null,null,null,null,null,null,0.155,0.201,0.239,0.268,0.287,0.307,0.329,0.352,0.379,0.398,0.43,0.445,0.45,0.471,0.485,0.5,0.53,0.59,0.633,0.619,0.614,0.629,0.68,0.723,0.681,0.708,0.66,0.65,0.751,1.11,1.349,1.439,1.333,1.135,1.02,0.971,0.915,0.827,0.774,0.826
null,null,null,null,null,null,null,null,null,null,null,null,null,null,null,null,null,null,null,null,null,null,null,null,null,null,null,null,null,null,null,null,null,null,null,null,0.15,0.211,0.25,0.273,0.292,0.313,0.335,0.361,0.386,0.403,0.431,0.445,0.47,0.493,0.485,0.508,0.564,0.607,0.619,0.61,0.631,0.659,0.709,0.693,0.692,0.702,0.654,0.69,0.835,1.204,1.338,1.361,1.244,1.048,0.982,0.936,0.889,0.797,0.774,0.826
null,null,null,null,null,null,null,null,null,null,null,null,null,null,null,null,null,null,null,null,null,null,null,null,null,null,null,null,null,null,null,null,null,null,null,null,0.153,0.215,0.254,0.274,0.296,0.319,0.343,0.367,0.393,0.408,0.428,0.456,0.488,0.49,0.489,0.536,0.597,0.601,0.585,0.599,0.638,0.687,0.702,0.665,0.703,0.675,0.654,0.746,0.966,1.262,1.321,1.308,1.178,1.012,0.933,0.899,0.87,0.792,0.775,0.843
null,null,null,null,null,null,null,null,null,null,null,null,null,null,null,null,null,null,null,null,null,null,null,null,null,null,null,null,null,null,null,null,null,null,null,null,0.152,0.217,0.251,0.274,0.298,0.324,0.35,0.375,0.399,0.409,0.433,0.47,0.484,0.475,0.5,0.55,0.597,0.587,0.58,0.581,0.633,0.698,0.675,0.674,0.699,0.659,0.682,0.801,1.117,1.295,1.341,1.306,1.13,1.0,0.914,0.907,0.891,0.822,0.805,0.863
null,null,null,null,null,null,null,null,null,null,null,null,null,null,null,null,null,null,null,null,null,null,null,null,null,null,null,null,null,null,null,null,null,null,null,null,0.15,0.214,0.248,0.274,0.3,0.326,0.356,0.388,0.399,0.409,0.451,0.472,0.466,0.472,0.503,0.543,0.57,0.561,0.577,0.589,0.649,0.693,0.658,0.684,0.67,0.669,0.73,0.859,1.218,1.321,1.352,1.271,1.087,0.991,0.898,0.913,0.925,0.844,0.812,0.85
null,null,null,null,null,null,null,null,null,null,null,null,null,null,null,null,null,null,null,null,null,null,null,null,null,null,null,null,null,null,null,null,null,null,null,null,0.147,0.212,0.247,0.274,0.301,0.328,0.36,0.395,0.391,0.42,0.463,0.46,0.457,0.475,0.499,0.535,0.555,0.543,0.569,0.624,0.671,0.665,0.661,0.676,0.639,0.693,0.76,0.941,1.274,1.317,1.298,1.224,1.082,0.968,0.884,0.903,0.931,0.857,0.813,0.838
null,null,null,null,null,null,null,null,null,null,null,null,null,null,null,null,null,null,null,null,null,null,null,null,null,null,null,null,null,null,null,null,null,null,null,null,0.141,0.21,0.245,0.275,0.303,0.33,0.363,0.393,0.391,0.438,0.46,0.45,0.463,0.472,0.5,0.532,0.536,0.544,0.588,0.643,0.661,0.644,0.658,0.65,0.655,0.74,0.811,1.023,1.292,1.323,1.285,1.219,1.138,0.989,0.894,0.918,0.943,0.876,0.819,0.821
null,null,null,null,null,null,null,null,null,null,null,null,null,null,null,null,null,null,null,null,null,null,null,null,null,null,null,null,null,null,null,null,null,null,null,null,0.134,0.205,0.243,0.276,0.307,0.335,0.365,0.389,0.403,0.45,0.451,0.448,0.458,0.462,0.496,0.505,0.521,0.558,0.621,0.642,0.635,0.64,0.657,0.627,0.7,0.774,0.876,1.074,1.296,1.371,1.364,1.26,1.19,1.047,0.928,0.947,0.959,0.9,0.826,0.806
null,null,null,null,null,null,null,null,null,null,null,null,null,null,null,null,null,null,null,null,null,null,null,null,null,null,null,null,null,null,null,null,null,null,null,null,0.13,0.2,0.239,0.276,0.309,0.34,0.366,0.385,0.412,0.448,0.453,0.448,0.444,0.449,0.471,0.48,0.526,0.592,0.636,0.628,0.621,0.648,0.67,0.647,0.746,0.767,0.915,1.119,1.289,1.413,1.418,1.294,1.241,1.073,0.923,0.938,0.944,0.887,0.825,0.804
null,null,null,null,null,null,null,null,null,null,null,null,null,null,null,null,null,null,null,null,null,null,null,null,null,null,null,null,null,null,null,null,null,null,null,null,0.126,0.192,0.232,0.274,0.309,0.343,0.371,0.382,0.408,0.438,0.46,0.443,0.435,0.435,0.455,0.493,0.56,0.623,0.642,0.627,0.624,0.673,0.679,0.686,0.776,0.779,0.941,1.16,1.265,1.452,1.414,1.319,1.259,1.06,0.896,0.939,0.94,0.86,0.813,0.797
null,null,null,null,null,null,null,null,null,null,null,null,null,null,null,null,null,null,null,null,null,null,null,null,null,null,null,null,null,null,null,null,null,null,null,null,0.117,0.177,0.229,0.273,0.308,0.343,0.379,0.381,0.393,0.436,0.464,0.44,0.428,0.437,0.471,0.526,0.598,0.637,0.638,0.63,0.656,0.692,0.694,0.717,0.757,0.814,0.969,1.181,1.28,1.513,1.398,1.318,1.24,1.022,0.883,0.956,0.958,0.878,0.823,0.8
null,null,null,null,null,null,null,null,null,null,null,null,null,null,null,null,null,null,null,null,null,null,null,null,null,null,null,null,null,null,null,null,null,null,null,null,0.057,0.098,0.27,0.286,0.307,0.337,0.377,0.384,0.38,0.438,0.465,0.443,0.444,0.493,0.561,0.623,0.661,0.658,0.662,0.683,0.714,0.708,0.694,0.694,0.734,0.837,1.02,1.186,1.426,1.553,1.339,1.305,1.245,1.003,0.874,1.006,1.004,0.918,0.868,0.838
null,null,null,null,null,null,null,null,null,null,null,null,null,null,null,null,null,null,null,null,null,null,null,null,null,null,null,null,null,null,null,null,null,null,null,null,0.019,0.036,0.283,0.284,0.303,0.334,0.37,0.385,0.388,0.43,0.45,0.436,0.452,0.513,0.588,0.647,0.67,0.669,0.678,0.706,0.719,0.699,0.687,0.69,0.751,0.874,1.046,1.206,1.486,1.566,1.37,1.372,1.297,1.04,0.889,1.047,1.058,0.966,0.904,0.862
null,null,null,null,null,null,null,null,null,null,null,null,null,null,null,null,null,null,null,null,null,null,null,null,null,null,null,null,null,null,null,null,null,null,null,null,null,null,0.247,0.271,0.292,0.326,0.363,0.381,0.397,0.436,0.448,0.443,0.468,0.526,0.595,0.646,0.666,0.672,0.686,0.71,0.709,0.678,0.669,0.704,0.773,0.908,1.063,1.24,1.532,1.592,1.444,1.407,1.321,1.07,0.888,1.077,1.107,1.024,0.958,0.897
null,null,null,null,null,null,null,null,null,null,null,null,null,null,null,null,null,null,null,null,null,null,null,null,null,null,null,null,null,null,null,null,null,null,null,null,null,null,0.212,0.258,0.279,0.316,0.352,0.377,0.41,0.452,0.458,0.46,0.479,0.528,0.588,0.632,0.657,0.668,0.686,0.702,0.681,0.65,0.651,0.707,0.785,0.926,1.078,1.28,1.571,1.601,1.486,1.419,1.332,1.116,0.89,1.103,1.155,1.08,1.002,0.928
null,null,null,null,null,null,null,null,null,null,null,null,null,null,null,null,null,null,null,null,null,null,null,null,null,null,null,null,null,null,null,null,null,null,null,null,null,null,0.209,0.253,0.272,0.311,0.347,0.373,0.425,0.448,0.455,0.459,0.471,0.509,0.564,0.611,0.641,0.661,0.672,0.672,0.646,0.63,0.653,0.715,0.795,0.939,1.092,1.313,1.604,1.614,1.498,1.448,1.337,1.177,0.902,1.098,1.181,1.123,1.036,0.956
null,null,null,null,null,null,null,null,null,null,null,null,null,null,null,null,null,null,null,null,null,null,null,null,null,null,null,null,null,null,null,null,null,null,null,null,null,null,0.209,0.253,0.268,0.307,0.347,0.371,0.424,0.423,0.433,0.44,0.449,0.478,0.532,0.582,0.618,0.648,0.649,0.637,0.621,0.617,0.66,0.722,0.802,0.942,1.092,1.332,1.619,1.64,1.504,1.455,1.325,1.201,0.905,1.068,1.187,1.155,1.078,0.987
null,null,null,null,null,null,null,null,null,null,null,null,null,null,null,null,null,null,null,null,null,null,null,null,null,null,null,null,null,null,null,null,null,null,null,null,null,null,0.197,0.254,0.265,0.3,0.339,0.368,0.403,0.389,0.4,0.415,0.426,0.445,0.499,0.548,0.59,0.626,0.628,0.617,0.606,0.606,0.656,0.716,0.8,0.925,1.075,1.331,1.619,1.635,1.486,1.458,1.34,1.224,0.925,1.048,1.2,1.2,1.127,1.017
null,null,null,null,null,null,null,null,null,null,null,null,null,null,null,null,null,null,null,null,null,null,null,null,null,null,null,null,null,null,null,null,null,null,null,null,null,null,0.164,0.259,0.269,0.293,0.324,0.357,0.381,0.364,0.379,0.395,0.405,0.411,0.459,0.509,0.553,0.597,0.617,0.606,0.592,0.596,0.649,0.711,0.794,0.898,1.049,1.306,1.578,1.581,1.446,1.47,1.36,1.264,0.962,1.047,1.222,1.242,1.159,1.026
null,null,null,null,null,null,null,null,null,null,null,null,null,null,null,null,null,null,null,null,null,null,null,null,null,null,null,null,null,null,null,null,null,null,null,null,null,null,0.107,0.27,0.278,0.289,0.31,0.335,0.365,0.361,0.363,0.38,0.385,0.375,0.411,0.465,0.51,0.569,0.606,0.59,0.572,0.591,0.645,0.708,0.79,0.878,1.025,1.285,1.523,1.528,1.422,1.486,1.373,1.297,1.018,1.074,1.249,1.263,1.17,1.027
null,null,null,null,null,null,null,null,null,null,null,null,null,null,null,null,null,null,null,null,null,null,null,null,null,null,null,null,null,null,null,null,null,null,null,null,null,null,0.036,0.265,0.28,0.287,0.302,0.322,0.355,0.361,0.341,0.364,0.365,0.342,0.364,0.423,0.475,0.539,0.582,0.576,0.556,0.589,0.64,0.71,0.801,0.878,1.011,1.256,1.474,1.486,1.413,1.503,1.413,1.329,1.1,1.122,1.278,1.269,1.174,1.033
null,null,null,null,null,null,null,null,null,null,null,null,null,null,null,null,null,null,null,null,null,null,null,null,null,null,null,null,null,null,null,null,null,null,null,null,null,null,null,0.218,0.271,0.284,0.294,0.315,0.347,0.348,0.328,0.354,0.353,0.328,0.331,0.381,0.437,0.503,0.555,0.57,0.55,0.574,0.633,0.71,0.814,0.889,1.006,1.211,1.411,1.437,1.429,1.521,1.448,1.358,1.189,1.183,1.318,1.291,1.191,1.052
null,null,null,null,null,null,null,null,null,null,null,null,null,null,null,null,null,null,null,null,null,null,null,null,null,null,null,null,null,null,null,null,null,null,null,null,null,null,null,0.17,0.255,0.275,0.284,0.3,0.329,0.329,0.324,0.343,0.35,0.327,0.317,0.344,0.396,0.463,0.533,0.567,0.551,0.556,0.619,0.701,0.813,0.894,0.998,1.173,1.35,1.392,1.433,1.55,1.484,1.383,1.269,1.239,1.35,1.309,1.2,1.068
null,null,null,null,null,null,null,null,null,null,null,null,null,null,null,null,null,null,null,null,null,null,null,null,null,null,null,null,null,null,null,null,null,null,null,null,null,null,null,0.149,0.24,0.262,0.275,0.285,0.305,0.316,0.321,0.331,0.342,0.326,0.317,0.323,0.358,0.428,0.502,0.562,0.563,0.553,0.597,0.681,0.797,0.88,0.979,1.129,1.289,1.352,1.4,1.572,1.517,1.403,1.338,1.265,1.344,1.294,1.189,1.077
null,null,null,null,null,null,null,null,null,null,null,null,null,null,null,null,null,null,null,null,null,null,null,null,null,null,null,null,null,null,null,null,null,null,null,null,null,null,null,0.128,0.227,0.254,0.268,0.277,0.293,0.313,0.322,0.319,0.324,0.322,0.32,0.321,0.332,0.395,0.464,0.556,0.574,0.54,0.566,0.647,0.764,0.849,0.939,1.059,1.21,1.32,1.357,1.572,1.52,1.421,1.384,1.271,1.312,1.273,1.188,1.092
null,null,null,null,null,null,null,null,null,null,null,null,null,null,null,null,null,null,null,null,null,null,null,null,null,null,null,null,null,null,null,null,null,null,null,null,null,null,null,0.089,0.217,0.25,0.264,0.273,0.288,0.312,0.321,0.31,0.307,0.318,0.324,0.331,0.321,0.354,0.429,0.541,0.567,0.519,0.528,0.606,0.717,0.803,0.869,0.965,1.118,1.258,1.319,1.57,1.519,1.433,1.386,1.265,1.283,1.274,1.211,1.112
null,null,null,null,null,null,null,null,null,null,null,null,null,null,null,null,null,null,null,null,null,null,null,null,null,null,null,null,null,null,null,null,null,null,null,null,null,null,null,0.032,0.208,0.243,0.258,0.269,0.282,0.305,0.316,0.306,0.302,0.313,0.324,0.337,0.316,0.321,0.395,0.508,0.537,0.484,0.493,0.563,0.669,0.751,0.797,0.876,1.022,1.211,1.325,1.574,1.542,1.45,1.369,1.257,1.279,1.285,1.238,1.138
null,null,null,null,null,null,null,null,null,null,null,null,null,null,null,null,null,null,null,null,null,null,null,null,null,null,null,null,null,null,null,null,null,null,null,null,null,null,null,null,0.171,0.23,0.251,0.263,0.272,0.288,0.301,0.304,0.301,0.302,0.316,0.335,0.308,0.301,0.365,0.472,0.499,0.453,0.463,0.517,0.624,0.699,0.733,0.799,0.959,1.22,1.344,1.57,1.575,1.457,1.363,1.276,1.292,1.293,1.256,1.169
null,null,null,null,null,null,null,null,null,null,null,null,null,null,null,null,null,null,null,null,null,null,null,null,null,null,null,null,null,null,null,null,null,null,null,null,null,null,null,null,0.105,0.222,0.246,0.257,0.263,0.268,0.276,0.291,0.3,0.296,0.301,0.323,0.298,0.287,0.343,0.442,0.468,0.434,0.434,0.466,0.572,0.645,0.677,0.73,0.91,1.16,1.287,1.571,1.606,1.472,1.39,1.325,1.31,1.303,1.272,1.206
null,null,null,null,null,null,null,null,null,null,null,null,null,null,null,null,null,null,null,null,null,null,null,null,null,null,null,null,null,null,null,null,null,null,null,null,null,null,null,null,0.035,0.212,0.235,0.254,0.262,0.268,0.27,0.273,0.273,0.296,0.305,0.313,0.29,0.28,0.328,0.416,0.441,0.406,0.397,0.413,0.519,0.6,0.638,0.673,0.826,1.013,1.237,1.577,1.647,1.526,1.451,1.383,1.33,1.309,1.288,1.245
null,null,null,null,null,null,null,null,null,null,null,null,null,null,null,null,null,null,null,null,null,null,null,null,null,null,null,null,null,null,null,null,null,null,null,null,null,null,null,null,null,0.173,0.219,0.245,0.264,0.273,0.275,0.276,0.277,0.304,0.312,0.314,0.274,0.279,0.322,0.39,0.403,0.374,0.352,0.356,0.471,0.566,0.604,0.618,0.729,0.905,1.231,1.562,1.663,1.553,1.502,1.424,1.36,1.323,1.308,1.274
null,null,null,null,null,null,null,null,null,null,null,null,null,null,null,null,null,null,null,null,null,null,null,null,null,null,null,null,null,null,null,null,null,null,null,null,null,null,null,null,null,0.108,0.205,0.236,0.262,0.279,0.279,0.288,0.313,0.331,0.326,0.306,0.263,0.282,0.317,0.352,0.35,0.332,0.304,0.297,0.418,0.531,0.567,0.578,0.671,0.865,1.152,1.513,1.665,1.544,1.522,1.442,1.382,1.342,1.337,1.296
null,null,null,null,null,null,null,null,null,null,null,null,null,null,null,null,null,null,null,null,null,null,null,null,null,null,null,null,null,null,null,null,null,null,null,null,null,null,null,null,null,0.036,0.189,0.23,0.258,0.286,0.288,0.3,0.327,0.338,0.328,0.292,0.275,0.291,0.295,0.299,0.295,0.28,0.253,0.234,0.347,0.467,0.506,0.532,0.634,0.786,1.03,1.477,1.698,1.541,1.551,1.469,1.392,1.359,1.364,1.313
