data/gulf-currents.json
{"header": {"parameterCategory":2,"parameterNumber":2,"lo1":-98.96002197265625,"la1":41.84000015258789,"dx":0.2400002872242647,"dy":0.2400000010821836,"nx":171,"ny":142,"refTime":"2014-04-08T00:00:00Z","forecastTime":0,"source":"nrlHycomGLBu008e910D via https://coastwatch.pfeg.noaa.gov/erddap"}, "data":
[rows 99 to 131 of 142, columns 0 to 75 of 171]
null,null,null,null,null,null,null,null,null,null,null,null,null,null,null,null,null,null,null,null,null,null,null,null,null,null,null,null,null,null,null,null,null,null,null,null,null,null,null,null,null,null,null,null,null,null,null,0.109,0.013,-0.037,-0.059,-0.099,-0.109,-0.065,-0.009,0.023,0.061,0.135,0.105,-0.029,-0.066,-0.212,-0.429,-0.578,-0.587,-0.58,-0.668,-0.708,-0.707,-0.724,-0.661,-0.548,-0.434,-0.415,-0.486,-0.381
null,null,null,null,null,null,null,null,null,null,null,null,null,null,null,null,null,null,null,null,null,null,null,null,null,null,null,null,null,null,null,null,null,null,null,null,null,null,null,null,null,null,null,null,null,null,0.062,0.024,0.027,0.029,0.044,0.069,0.059,0.054,0.021,0.035,0.112,0.119,0.01,-0.089,-0.15,-0.172,-0.325,-0.548,-0.645,-0.671,-0.674,-0.737,-0.781,-0.771,-0.68,-0.616,-0.549,-0.529,-0.423,-0.343
null,null,null,null,null,null,null,null,null,null,null,null,null,null,null,null,null,null,null,null,null,null,null,null,null,null,null,null,null,null,null,null,null,null,null,null,null,null,null,null,null,null,null,null,null,null,-0.007,0.011,0.067,0.053,0.081,0.106,0.069,0.043,0.001,-0.04,-0.015,-0.04,-0.146,-0.157,-0.156,-0.135,-0.191,-0.351,-0.559,-0.644,-0.697,-0.713,-0.7,-0.71,-0.688,-0.62,-0.546,-0.461,-0.369,-0.42
null,null,null,null,null,null,null,null,null,null,null,null,null,null,null,null,null,null,null,null,null,null,null,null,null,null,null,null,null,null,null,null,null,null,null,null,null,null,null,null,null,null,null,null,null,null,null,0.003,0.045,0.112,0.061,0.039,0.019,0.018,-0.053,-0.139,-0.179,-0.233,-0.283,-0.128,-0.05,-0.073,-0.078,-0.184,-0.372,-0.501,-0.592,-0.662,-0.695,-0.671,-0.612,-0.558,-0.521,-0.486,-0.465,-0.427
null,null,null,null,null,null,null,null,null,null,null,null,null,null,null,null,null,null,null,null,null,null,null,null,null,null,null,null,null,null,null,null,null,null,null,null,null,null,null,null,null,null,null,null,null,-0.017,0.025,-0.011,0.088,0.171,0.126,0.09,0.06,0.045,-0.059,-0.147,-0.193,-0.22,-0.212,-0.088,-0.045,-0.092,-0.116,-0.118,-0.207,-0.376,-0.503,-0.58,-0.625,-0.661,-0.618,-0.572,-0.53,-0.488,-0.443,-0.376
null,null,null,null,null,null,null,null,null,null,null,null,null,null,null,null,null,null,null,null,null,null,null,null,null,null,null,null,null,null,null,null,null,null,null,null,null,null,null,null,null,null,null,null,null,null,0.012,0.078,0.123,0.176,0.205,0.195,0.132,0.061,-0.026,-0.113,-0.155,-0.171,-0.084,-0.057,-0.047,-0.048,-0.025,0.018,-0.03,-0.134,-0.242,-0.334,-0.472,-0.681,-0.718,-0.535,-0.381,-0.337,-0.301,-0.23
null,null,null,null,null,null,null,null,null,null,null,null,null,null,null,null,null,null,null,null,null,null,null,null,null,null,null,null,null,null,null,null,null,null,null,null,null,null,null,null,null,null,null,null,null,null,0.009,0.117,0.126,0.091,0.103,0.111,0.083,0,-0.02,-0.095,-0.157,-0.176,-0.116,-0.081,-0.024,-0.006,0.004,0.021,0.026,0.005,-0.071,-0.15,-0.163,-0.129,-0.081,-0.318,-0.411,-0.342,-0.27,-0.231
-0.104,0.006,null,null,null,null,null,null,null,null,null,null,null,null,null,null,null,null,null,null,null,null,null,null,null,null,null,null,null,null,null,null,null,null,null,null,null,null,null,null,null,null,null,null,-0.043,null,0.023,0.036,-0.016,-0.023,-0.034,-0.048,null,null,-0.012,-0.101,-0.193,-0.255,-0.221,-0.188,-0.149,-0.187,-0.179,-0.185,-0.137,-0.114,-0.132,-0.154,-0.143,-0.136,-0.173,-0.137,-0.105,-0.186,-0.246,-0.228
-0.371,-0.247,-0.07,0.103,null,null,null,null,null,null,null,null,null,null,null,null,null,0.03,-0.013,null,null,null,null,null,null,null,null,null,null,null,null,null,null,null,null,null,null,null,null,null,null,null,null,null,-0.011,-0.045,-0.036,-0.037,-0.117,-0.225,-0.109,-0.113,-0.096,-0.102,-0.047,-0.069,-0.142,-0.213,-0.278,-0.311,-0.374,-0.292,-0.256,-0.253,-0.178,-0.177,-0.239,-0.244,-0.257,-0.261,-0.284,-0.219,-0.115,-0.147,-0.172,-0.18
0.026,-0.036,-0.154,-0.094,0.15,0.103,null,null,null,null,null,null,null,null,null,-0.203,-0.182,-0.104,0.082,0.115,-0.008,-0.017,null,null,null,null,null,null,null,null,null,null,null,null,null,null,null,null,null,null,null,null,null,-0.028,0.047,0.033,0.005,-0.017,-0.008,-0.045,-0.193,-0.282,null,-0.114,null,null,-0.322,-0.226,null,-0.231,-0.289,-0.432,-0.403,-0.402,-0.307,-0.083,-0.178,-0.252,-0.223,-0.186,-0.293,-0.28,-0.279,-0.233,-0.129,-0.143
-0.073,0.094,0.033,-0.267,-0.313,-0.097,0.105,0.167,0.221,0.076,null,0.035,-0.101,-0.388,-0.577,-0.622,-0.512,-0.476,-0.379,-0.165,0.203,0.116,0.056,null,null,null,null,null,null,null,null,null,null,null,null,null,null,null,null,null,null,null,null,null,null,null,null,null,null,null,null,null,null,null,null,null,null,null,null,null,null,null,null,-0.331,-0.404,-0.344,-0.231,-0.151,-0.277,-0.301,-0.271,-0.292,-0.27,-0.256,-0.123,-0.109
-0.195,-0.026,0.188,-0.018,-0.382,-0.45,-0.388,-0.255,-0.193,-0.228,-0.34,-0.401,-0.491,-0.601,-0.652,-0.498,-0.443,-0.239,-0.318,-0.354,-0.179,0.098,0.253,0.068,0,null,null,null,null,null,null,null,null,null,null,null,null,null,null,null,null,null,null,null,null,null,null,null,null,null,null,null,null,null,null,null,null,null,null,null,null,null,null,null,-0.154,-0.455,-0.394,-0.309,-0.34,-0.342,-0.334,-0.338,-0.17,-0.012,-0.024,-0.074
0.422,0.358,0.253,0.28,-0.1,-0.315,-0.513,-0.541,-0.554,-0.509,-0.455,-0.428,-0.381,-0.27,-0.091,-0.186,-0.267,-0.32,-0.282,-0.308,-0.228,-0.165,0.116,0.243,0.065,0.005,null,null,null,null,null,null,null,null,null,null,null,null,null,null,null,null,null,null,null,null,null,null,null,null,null,null,null,null,null,null,null,null,null,null,null,null,null,null,null,null,-0.294,-0.16,null,-0.296,-0.403,-0.385,-0.293,-0.053,0.038,0.008
0.292,0.316,0.254,0.295,0.321,-0.075,-0.219,-0.187,-0.154,-0.214,-0.285,-0.178,-0.082,0.079,0.077,0.049,-0.082,-0.122,-0.151,-0.222,-0.329,-0.226,-0.168,0.119,0.216,-0.015,0.008,null,null,null,null,null,null,null,null,null,null,null,null,null,null,null,null,null,null,null,null,null,null,null,null,null,null,null,null,null,null,null,null,null,null,null,null,null,null,null,-0.049,-0.232,-0.294,-0.237,-0.146,-0.084,-0.026,0.207,0.293,0.289
0.043,0.01,0.194,0.221,0.332,0.467,0.277,0.187,0.284,0.273,0.15,0.034,0.061,0.185,0.196,0.266,0.217,0.159,0.06,0.063,-0.205,-0.377,-0.102,-0.079,0.166,0.258,0.01,0.025,null,null,null,null,null,null,null,null,null,null,null,null,null,null,null,null,null,null,null,null,null,null,null,null,null,null,null,null,null,null,null,null,null,null,null,null,null,null,-0.058,-0.205,-0.325,-0.274,-0.201,0.068,0.33,0.243,0.172,0.313
0.161,0.25,0.255,0.239,0.264,0.347,0.532,0.621,0.622,0.625,0.609,0.569,0.412,0.251,0.2,0.337,0.398,0.428,0.365,0.301,0.4,0.29,0.233,0.089,-0.014,0.126,0.296,-0.021,null,null,null,null,null,null,null,null,null,null,null,null,null,null,null,null,null,null,null,null,null,null,null,null,null,null,null,null,null,null,null,null,null,null,null,null,null,null,-0.054,null,-0.29,-0.256,-0.143,0.154,0.279,0.314,0.347,0.262
0.254,0.22,0.227,0.237,0.24,0.246,0.271,0.397,0.554,0.636,0.695,0.771,0.785,0.542,0.356,0.352,0.265,0.385,0.53,0.573,0.677,0.731,0.381,0.214,0.037,0.03,0.067,0.261,0.033,0.01,null,null,null,null,null,null,null,null,null,null,null,null,null,null,null,null,null,null,null,null,null,null,null,null,null,null,null,null,null,null,null,null,null,null,null,null,-0.056,-0.049,-0.048,-0.071,-0.09,0.035,0.213,0.388,0.274,0.179
0.362,0.26,0.209,0.198,0.181,0.143,0.119,0.17,0.305,0.434,0.525,0.625,0.739,0.775,0.564,0.329,0.242,0.388,0.495,0.631,0.574,0.347,0.155,0.104,0.056,0.066,0.109,0.159,0.199,0.179,-0.107,null,null,null,null,null,null,null,null,null,null,null,null,null,null,null,null,null,null,null,null,null,null,null,null,null,null,null,null,null,null,null,null,null,null,-0.037,-0.126,-0.136,-0.075,-0.077,-0.06,0.074,0.2,0.19,0.066,0.108
0.344,0.271,0.187,0.171,0.182,0.172,0.124,0.156,0.236,0.361,0.445,0.55,0.595,0.65,0.566,0.355,0.397,0.53,0.455,0.391,0.326,0.205,0.115,0.026,-0.016,-0.038,-0.039,0.12,0.251,0.327,0.357,0.01,-0.147,-0.086,-0.076,-0.068,-0.081,null,null,null,null,null,null,null,null,null,null,null,null,null,null,null,null,null,null,null,null,null,null,null,null,null,null,null,null,-0.097,-0.162,-0.144,-0.104,-0.049,0.028,0.081,0.082,-0.052,-0.061,-0.006
0.214,0.189,0.164,0.152,0.113,0.052,0.026,0.05,0.134,0.187,0.205,0.315,0.495,0.562,0.476,0.36,0.46,0.49,0.381,0.297,0.144,0.003,-0.08,-0.163,-0.207,-0.209,-0.149,-0.003,0.178,0.315,0.326,0.356,0.274,-0.027,-0.162,-0.228,-0.303,-0.241,null,null,null,null,null,null,null,null,null,null,null,null,null,null,null,null,null,null,null,null,null,null,null,null,null,null,null,-0.097,-0.091,-0.1,-0.113,-0.037,0.24,0.059,-0.069,-0.124,-0.102,-0.159
0.082,0.121,0.121,0.163,0.178,0.138,0.152,0.23,0.289,0.255,0.23,0.196,0.346,0.414,0.389,0.349,0.462,0.383,0.265,0.12,0.011,-0.154,-0.286,-0.275,-0.434,-0.5,-0.398,-0.158,0.162,0.237,0.234,0.228,0.23,0.171,-0.044,-0.217,-0.202,-0.253,-0.236,-0.239,-0.186,-0.188,null,null,null,null,null,null,null,null,null,null,null,null,null,null,null,null,null,null,null,null,null,null,null,-0.08,-0.089,-0.108,-0.15,-0.025,0.114,-0.018,-0.202,-0.281,-0.134,-0.23
0.13,0.073,0.151,0.227,0.319,0.333,0.337,0.36,0.316,0.305,0.276,0.205,0.207,0.327,0.19,0.306,0.344,0.182,0.06,-0.068,-0.103,-0.237,-0.359,-0.445,-0.532,-0.441,-0.404,-0.321,-0.194,-0.026,0.044,0.164,0.063,0,-0.077,-0.285,-0.41,-0.617,-0.552,-0.246,-0.094,-0.187,-0.155,-0.143,-0.041,0.036,0.082,null,null,null,null,null,null,null,null,null,null,null,null,null,null,null,null,null,null,null,-0.153,-0.181,-0.182,-0.044,-0.092,-0.138,-0.254,-0.187,-0.167,-0.149
-0.027,0.094,0.234,0.287,0.413,0.51,0.498,0.409,0.355,0.4,0.416,0.213,0.163,0.094,0.034,0.211,0.132,-0.053,-0.148,-0.229,-0.235,-0.294,-0.41,-0.461,-0.348,-0.3,-0.408,-0.444,-0.413,-0.282,-0.182,-0.274,-0.242,-0.275,-0.2,-0.332,-0.445,-0.554,-0.523,-0.608,-0.464,-0.327,-0.127,-0.011,0.006,0.119,0.107,0.102,null,null,null,null,null,null,null,null,null,null,null,null,null,null,null,null,null,-0.033,-0.162,-0.173,-0.194,-0.189,-0.324,-0.071,0.08,-0.059,-0.011,-0.1
-0.062,0.162,0.279,0.365,0.467,0.562,0.542,0.484,0.486,0.445,0.463,0.189,0.026,-0.037,-0.016,0.03,-0.051,-0.252,-0.281,-0.306,-0.29,-0.326,-0.415,-0.358,-0.204,-0.277,-0.406,-0.446,-0.584,-0.48,-0.421,-0.487,-0.504,-0.441,-0.304,-0.358,-0.432,-0.391,-0.396,-0.468,-0.687,-0.626,-0.333,-0.193,0,0.146,0.082,0.194,0.12,null,null,null,null,null,null,null,null,null,null,null,null,null,null,null,null,null,-0.157,-0.216,-0.288,-0.434,-0.549,-0.456,null,-0.021,-0.072,-0.064
0.052,0.193,0.309,0.406,0.512,0.517,0.517,0.396,0.181,0.167,0.282,0.092,-0.048,-0.087,-0.077,-0.035,-0.113,-0.309,-0.353,-0.339,-0.26,-0.267,-0.32,-0.336,-0.289,-0.266,-0.351,-0.423,-0.632,-0.719,-0.613,-0.679,-0.677,-0.487,-0.394,-0.356,-0.322,-0.31,-0.345,-0.254,-0.242,-0.335,-0.505,-0.291,-0.217,-0.027,0.234,0.14,0.117,0.18,null,null,null,null,null,null,null,null,null,null,null,null,null,null,null,-0.132,-0.212,-0.102,-0.342,-0.447,-0.477,-0.419,-0.215,-0.111,-0.115,-0.143
0.24,0.345,0.346,0.402,0.402,0.489,0.369,0.089,-0.095,-0.054,0.191,0.121,-0.025,-0.001,0.008,0.008,-0.205,-0.304,-0.331,-0.312,-0.237,-0.227,-0.174,-0.16,-0.189,-0.223,-0.276,-0.309,-0.526,-0.765,-0.757,-0.723,-0.589,-0.422,-0.461,-0.305,-0.106,0.018,0.003,-0.074,-0.103,-0.168,-0.256,-0.423,-0.331,-0.228,-0.034,0.147,0.089,0.029,0.178,null,null,null,null,null,null,null,null,null,null,null,null,null,-0.049,-0.205,-0.143,-0.271,-0.384,-0.42,-0.391,-0.305,-0.262,-0.285,-0.274,-0.248
0.238,0.289,0.287,0.206,0.383,0.254,0.037,-0.072,0.102,0.233,0.083,0.166,0.183,0.111,0.101,0.066,-0.026,-0.272,-0.318,-0.245,-0.182,-0.063,-0.03,-0.015,-0.009,-0.085,-0.156,-0.164,-0.283,-0.549,-0.6,-0.532,-0.417,-0.296,-0.167,-0.076,-0.026,0.18,0.155,0.01,-0.04,-0.174,-0.28,-0.399,-0.395,-0.379,-0.285,-0.172,0.059,0.101,0.162,0.167,null,null,null,null,null,null,null,null,null,null,null,null,-0.021,-0.098,-0.142,-0.271,-0.334,-0.368,-0.355,-0.327,-0.297,-0.415,-0.419,-0.35
0.094,0.171,0.183,0.295,0.218,-0.022,-0.074,0.145,0.225,0.24,0.306,0.277,0.189,0.2,0.139,0.074,0.016,-0.052,-0.178,-0.27,-0.132,-0.038,0.07,0.075,0.016,-0.029,-0.065,-0.1,-0.202,-0.171,-0.217,-0.428,-0.318,-0.291,-0.265,-0.18,-0.062,0.048,0.069,0.001,-0.07,-0.233,-0.304,-0.331,-0.46,-0.452,-0.515,-0.387,-0.203,0.042,0.292,0.179,-0.045,null,null,null,null,null,null,null,null,null,null,null,-0.051,-0.081,-0.094,-0.222,-0.276,-0.32,-0.333,-0.357,-0.393,-0.54,-0.53,-0.451
0.248,0.315,0.296,0.158,-0.025,-0.107,0.094,0.176,0.101,0.243,0.357,0.473,0.419,0.217,0.085,0.07,0.037,-0.051,-0.142,-0.17,-0.173,-0.092,-0.042,0.029,0.056,0.059,-0.088,-0.295,-0.315,-0.15,-0.055,-0.043,-0.074,-0.103,-0.088,-0.081,-0.062,0.025,0.087,0.038,-0.11,-0.262,-0.286,-0.336,-0.409,-0.488,-0.551,-0.57,-0.417,-0.269,-0.005,0.097,-0.144,-0.182,null,null,null,null,null,null,null,null,null,-0.035,0.043,-0.005,-0.124,-0.216,-0.248,-0.299,-0.333,-0.412,-0.468,-0.594,-0.611,-0.557
0.233,0.204,0.065,-0.032,-0.163,-0.051,0.137,0.024,-0.002,0.053,0.142,0.246,0.432,0.373,0.19,0.048,0.004,-0.003,-0.087,-0.166,-0.164,-0.091,0.012,0.088,0.114,0.072,-0.13,-0.53,-0.602,-0.48,-0.367,-0.166,-0.011,0.109,0.031,0.125,0.176,0.164,0.143,0.114,-0.137,-0.262,-0.308,-0.358,-0.429,-0.541,-0.569,-0.644,-0.567,-0.403,-0.311,-0.101,0.246,0.077,-0.135,null,null,null,null,null,null,null,null,null,-0.091,-0.142,-0.176,-0.195,-0.213,-0.265,-0.311,-0.434,-0.552,-0.617,-0.649,-0.637
0.174,0.134,0.033,-0.078,-0.136,-0.071,0.009,-0.072,-0.132,-0.08,0.045,0.176,0.304,0.364,0.281,0.105,-0.054,-0.023,-0.049,-0.112,-0.069,0.035,0.042,0.053,0.015,0.015,-0.02,-0.287,-0.437,-0.355,-0.312,-0.216,-0.069,-0.054,-0.069,-0.002,0.079,0.141,0.168,0.105,-0.17,-0.272,-0.331,-0.338,-0.394,-0.504,-0.487,-0.643,-0.668,-0.562,-0.548,-0.45,-0.159,0.124,0.023,null,null,null,null,null,null,null,null,null,-0.057,-0.074,-0.107,-0.108,-0.144,-0.192,-0.266,-0.404,-0.568,-0.591,-0.609,-0.596
0.096,0.064,0.042,-0.035,-0.058,-0.127,-0.138,-0.181,-0.227,-0.242,-0.135,-0.019,0.038,0.111,0.156,0.08,-0.042,0.014,-0.053,-0.127,-0.039,0.017,0.023,-0.009,-0.043,-0.036,-0.055,-0.242,-0.37,-0.424,-0.346,-0.322,-0.197,-0.119,0.003,0.165,0.167,0.086,0.071,0.044,-0.202,-0.307,-0.324,-0.333,-0.471,-0.492,-0.552,-0.629,-0.657,-0.61,-0.551,-0.446,-0.274,0.073,0.156,0.031,null,null,null,null,null,null,null,null,null,-0.031,0.036,0.047,-0.014,-0.069,-0.159,-0.34,-0.521,-0.504,-0.525,-0.493
-0.011,0.045,0.054,-0.026,-0.069,-0.149,-0.188,-0.245,-0.299,-0.273,-0.267,-0.251,-0.193,-0.196,-0.137,-0.109,-0.05,-0.039,-0.065,-0.049,-0.021,0,0.056,-0.028,-0.076,-0.042,-0.064,-0.22,-0.214,-0.312,-0.376,-0.383,-0.319,-0.248,-0.131,-0.032,0.061,-0.03,-0.15,-0.132,-0.259,-0.359,-0.324,-0.338,-0.528,-0.564,-0.57,-0.623,-0.677,-0.724,-0.737,-0.605,-0.495,-0.162,-0.042,null,null,null,null,null,null,null,null,null,null,-0.035,0.078,0.226,0.164,0.145,0.016,-0.194,-0.393,-0.416,-0.415,-0.39
