data/gulf-currents.json
{"header": {"parameterCategory":2,"parameterNumber":3,"lo1":-98,"la1":30.936943,"dx":0.0799999111111111,"dy":0.07257228813559322,"nx":271,"ny":178,"refTime":"2014-08-30T00:00:00Z","forecastTime":0,"source":"hycom_gom310D via https://coastwatch.pfeg.noaa.gov/erddap"}, "data":
[rows 26 to 51 of 178, columns 114 to 170 of 271]
-0.5317743,-0.82214093,-0.5203008,-0.39029244,-0.4027021,-0.37708578,-0.3626899,-0.37948507,-0.37587512,-0.3557393,-0.3364271,-0.2670644,-0.17962213,-0.09711783,-0.039864212,-0.007800391,0.014915384,0.04748486,0.045001443,0.029651925,-0.004725516,-0.09724541,-0.1773166,-0.2635685,-0.33866403,-0.40287128,-0.4392046,-0.4488142,-0.41747427,-0.36496562,-0.31689292,-0.25056028,-0.20161411,-0.12270989,-0.07308848,-0.031071499,-0.00066673756,0.01129921,0.01936264,0.020188343,-0.0172652,-0.030219922,0.015641322,-0.04675727,-0.04943727,0.068600476,0.056136854,-0.025744513,0.01918292,0.00082736555,-0.042662602,-0.062950075,-0.08708795,-0.06285164,0.009329959,0.05958138,0.072181165
-0.6533358,-0.8062282,-0.4102987,-0.39985654,-0.4112387,-0.41658333,-0.399742,-0.38722014,-0.39042866,-0.3865085,-0.33795562,-0.23249365,-0.13818738,-0.039684236,0.036594782,0.03309878,0.04333611,0.081355624,0.08713651,0.06266189,0.033975735,-0.079258345,-0.18974851,-0.2781614,-0.35693946,-0.42087656,-0.4479717,-0.4551782,-0.4359704,-0.39371654,-0.3440842,-0.2807297,-0.22976054,-0.1631175,-0.10626655,-0.060591027,-0.022167038,-0.0047470564,0.0011624463,0.012680958,0.0072560143,-0.02406279,-0.060316786,0.02419848,0.046135627,0.07613979,0.114637166,-0.084955335,0.006687684,-0.020153657,-0.0605857,-0.05886313,-0.06695908,-0.055763382,-0.04489751,-0.006342541,0.04044325
-0.8710988,-0.47332382,-0.384954,-0.4035363,-0.40324038,-0.36781827,-0.3502555,-0.36573982,-0.38486806,-0.3695209,-0.28311858,-0.18496701,-0.10026106,0.01193995,0.08877164,0.056702524,0.08358553,0.13885681,0.13085014,0.077281386,0.0439094,-0.07543305,-0.20981763,-0.3039747,-0.37326002,-0.44443744,-0.46186107,-0.44766995,-0.42120826,-0.40766826,-0.36121798,-0.3214879,-0.27051133,-0.20377308,-0.14118207,-0.08777675,-0.042326227,-0.018379457,-0.012748224,-0.01056457,0.0017882623,-0.019854227,-0.07665265,-0.05009763,-0.029126972,0.10242507,0.18270785,0.02217021,0.008019162,0.03159103,-0.087579265,-0.056068406,-0.049191795,-0.035589807,-0.03436268,-0.05976735,-0.021000993
-0.7272644,-0.37396747,-0.35039404,-0.33550268,-0.3200007,-0.30981824,-0.32092234,-0.32744396,-0.3231317,-0.2853701,-0.2198543,-0.14722328,-0.05922372,0.068108305,0.101942554,0.055753313,0.1197896,0.17772496,0.1594048,0.076185405,0.039756984,-0.102851935,-0.23822556,-0.31838673,-0.38673472,-0.45607725,-0.46874326,-0.44848025,-0.41412666,-0.38944083,-0.37475973,-0.33074218,-0.28265318,-0.23668401,-0.18042594,-0.114206985,-0.06604838,-0.036642388,-0.024307605,-0.026784014,-0.027874652,-0.025774322,-0.07736619,-0.103028364,-0.05527393,0.016276132,0.13987587,0.11987763,0.03963629,0.05721148,-0.036151253,-0.01675092,-0.05995608,-0.04531742,0.0182867,-0.035958238,-0.01799566
-0.46406782,-0.38406652,-0.34806544,-0.3383286,-0.32649297,-0.30459306,-0.28789526,-0.2791099,-0.2553036,-0.21232174,-0.16428162,-0.09105761,-0.012748542,0.09589236,0.045414913,0.085176714,0.14417368,0.19028452,0.13947871,0.043842945,0.0060441494,-0.13189548,-0.25391102,-0.33793187,-0.40007132,-0.47211224,-0.46587625,-0.44402015,-0.4015175,-0.36636367,-0.36425218,-0.3236329,-0.31348538,-0.25579506,-0.20957461,-0.14303635,-0.088766575,-0.059612773,-0.04013005,-0.040663663,-0.052847914,-0.045224026,-0.07853114,-0.14338493,-0.116058394,-0.061438765,0.009718612,0.122781254,0.0679184,0.0371197,0.0375004,0.03511717,-0.026261546,-0.051772963,-0.027381001,0.03204965,0.07268034
-0.39873078,-0.3803547,-0.3475033,-0.3505757,-0.35914877,-0.3424157,-0.31988978,-0.29510963,-0.25134164,-0.20660433,-0.13582441,-0.077581055,-0.019861681,0.0056687184,0.05026919,0.13336432,0.15751661,0.16582127,0.09380308,-0.006531801,-0.038680933,-0.1685291,-0.26759493,-0.35558552,-0.41349232,-0.48794872,-0.46148175,-0.44500905,-0.39801967,-0.34055078,-0.32367182,-0.2762132,-0.33598948,-0.28505975,-0.2364572,-0.16867799,-0.10787298,-0.07571465,-0.05628562,-0.050315052,-0.06920667,-0.07648227,-0.07901107,-0.15567523,-0.1568062,-0.10500632,-0.061025158,0.02964288,0.14155084,0.048585635,0.01715495,0.0069228252,0.021725971,0.030132791,-0.07124965,0.0066904994,0.08793749
-0.27240023,-0.28159726,-0.29078078,-0.30539194,-0.3209542,-0.33002332,-0.33387208,-0.31020406,-0.29115885,-0.25308782,-0.20098276,-0.13278002,-0.031472392,0.039107308,0.0942752,0.14149849,0.10295534,0.11318975,0.02579595,-0.0490498,-0.08751536,-0.20867556,-0.2758959,-0.36484462,-0.41468757,-0.50209486,-0.45219064,-0.41681987,-0.39011478,-0.3286862,-0.29757333,-0.28067926,-0.3351078,-0.31504545,-0.26047066,-0.18872187,-0.120746955,-0.085508525,-0.06778109,-0.05452273,-0.06704133,-0.09224166,-0.09215008,-0.13968387,-0.18706918,-0.14881736,-0.08379935,-0.03859636,0.071327195,0.12936199,0.04912851,0.036849514,-0.027141035,-0.026278986,0.02490185,-0.00569747,0.068147995
-0.1877414,-0.21181753,-0.24150634,-0.26430058,-0.28539523,-0.30152684,-0.30637985,-0.2981308,-0.270593,-0.20179866,-0.13248757,-0.061462227,0.011582965,0.019872582,0.05776105,0.013829906,-0.0051747896,0.015978275,-0.010450851,-0.04539835,-0.10607821,-0.20953026,-0.2647189,-0.3629311,-0.42764708,-0.5029446,-0.4323598,-0.36977512,-0.35360557,-0.32212466,-0.2926504,-0.28665859,-0.3248822,-0.3421856,-0.29534826,-0.20888183,-0.13842265,-0.09273513,-0.07783489,-0.06433885,-0.060745597,-0.08801444,-0.106757194,-0.117256835,-0.17357938,-0.18664195,-0.12133924,-0.031807568,0.013604853,0.06929271,0.056789357,0.045955665,0.016710011,-0.039118182,-0.010536209,0.09740904,0.07709485
-0.20562702,-0.20417362,-0.2042228,-0.20903781,-0.22213975,-0.24605879,-0.2635104,-0.2741201,-0.25885272,-0.2518014,-0.20465696,-0.16682084,-0.10646367,-0.09934992,-0.043325692,-0.026161324,0.025248509,0.033861764,0.0012454577,-0.049778786,-0.10698007,-0.18240987,-0.23763825,-0.36045182,-0.4298901,-0.5047598,-0.41974133,-0.3303743,-0.30513835,-0.3157325,-0.30392843,-0.28076106,-0.29806316,-0.35659057,-0.322839,-0.2442573,-0.1711955,-0.115615144,-0.08965148,-0.076479256,-0.065613285,-0.07850344,-0.107430026,-0.11314599,-0.13840215,-0.16193429,-0.14962214,-0.0635393,0.011560917,-0.010245867,0.04539389,0.019129328,0.02848778,-0.044172637,-0.01286507,0.06683542,0.046277195
-0.12982741,-0.10005453,-0.08294669,-0.0720703,-0.06748966,-0.082817376,-0.10842045,-0.14160241,-0.15591803,-0.15916795,-0.13171554,-0.10338654,-0.05706626,-0.036556803,-0.009468637,0.004526783,-0.0072649196,-0.024349011,-0.05614245,-0.079907954,-0.12681314,-0.1697366,-0.2212619,-0.3433174,-0.4299867,-0.5050158,-0.41859716,-0.32147408,-0.28119218,-0.29346856,-0.28657806,-0.27033734,-0.2939054,-0.34136122,-0.33526564,-0.293917,-0.20150852,-0.14244999,-0.11216621,-0.09947097,-0.07846254,-0.07623255,-0.091245845,-0.10988923,-0.114911824,-0.12096697,-0.114031166,-0.0847061,-0.016789194,-0.049519278,-0.026343074,-0.00580756,0.02679405,-0.018568877,0.0046801865,0.016485367,0.049307887
-0.06257883,-0.041570835,-0.038618613,-0.035733376,-0.048536662,-0.057847176,-0.07957594,-0.104733154,-0.13216926,-0.1425983,-0.122357756,-0.10453728,-0.08604273,-0.07490308,-0.053174872,-0.039599143,-0.047866162,-0.07086989,-0.09218979,-0.118264794,-0.15179896,-0.19592763,-0.22212404,-0.3227262,-0.41718262,-0.50063396,-0.4055415,-0.31239736,-0.278985,-0.29254335,-0.29647106,-0.27053905,-0.2723174,-0.29209834,-0.33966577,-0.32865983,-0.25439128,-0.16514295,-0.117567,-0.120951205,-0.10836391,-0.09794104,-0.09641336,-0.09037061,-0.10129903,-0.099840224,-0.08339502,-0.065540254,-0.039925892,-0.055603225,-0.03683152,-0.040154506,-0.009519946,-0.021124149,0.020644553,0.011002772,0.028462034
0.009685971,0.040545948,0.060865045,0.042596728,0.015072396,-0.024600778,-0.077740856,-0.119846344,-0.14687821,-0.1460531,-0.14965482,-0.14377171,-0.12120415,-0.09852876,-0.08255574,-0.0781371,-0.086037025,-0.10662935,-0.12536639,-0.16116714,-0.17832631,-0.21006082,-0.237319,-0.30187505,-0.40037727,-0.47215575,-0.3936063,-0.3086837,-0.2684326,-0.27412075,-0.30511537,-0.29057476,-0.2601043,-0.26073077,-0.29922816,-0.34217012,-0.30935788,-0.20602706,-0.13648635,-0.12361908,-0.14494199,-0.13251941,-0.124349914,-0.11450029,-0.09719618,-0.08337877,-0.07460609,-0.05699365,-0.05654207,-0.046331264,-0.05885687,-0.07165859,-0.017357051,-0.021671422,0.013437077,-0.015222583,-0.056088716
0.07242097,0.11158267,0.13569036,0.11355929,0.07269682,0.0066693984,-0.08002189,-0.13226146,-0.16694716,-0.1779395,-0.17795634,-0.16912735,-0.16595425,-0.15585768,-0.13495338,-0.118083015,-0.123558655,-0.14951578,-0.1672141,-0.18491758,-0.19293492,-0.2159287,-0.24226904,-0.2894629,-0.3762013,-0.4403844,-0.384553,-0.2956486,-0.2524086,-0.25824395,-0.28780887,-0.28792745,-0.23939145,-0.23096132,-0.23349309,-0.31397998,-0.32739225,-0.25854766,-0.19255349,-0.14731386,-0.18019688,-0.1482996,-0.1276955,-0.15167698,-0.122567154,-0.10389657,-0.07449958,-0.05491893,-0.05407018,-0.046904106,-0.079169154,-0.056435525,-0.015499116,0.007946033,-0.014903871,-0.0076242164,-0.04097306
0.12298902,0.15138619,0.14680251,0.09236895,0.015500043,-0.058653742,-0.09816399,-0.15320584,-0.20182836,-0.23610684,-0.2447302,-0.2450651,-0.22841343,-0.22005008,-0.19895148,-0.17549103,-0.17478773,-0.18652283,-0.2011625,-0.20864123,-0.20455487,-0.21971455,-0.25248507,-0.26768917,-0.34370828,-0.40409717,-0.3670457,-0.27970445,-0.232056,-0.24336949,-0.26354653,-0.27171212,-0.22592889,-0.19187084,-0.17946458,-0.27801597,-0.30289245,-0.27793372,-0.21757849,-0.14908946,-0.19384655,-0.16030142,-0.1356325,-0.17177632,-0.16890274,-0.15563476,-0.106387585,-0.06472405,-0.054831147,-0.07201116,-0.07871874,-0.086152405,-0.0833178,-0.040276162,-0.011914046,0.010303251,-0.020170152
0.074756965,0.0792231,0.07129378,0.024769636,-0.03842555,-0.10091242,-0.15237883,-0.21257865,-0.2787649,-0.32886696,-0.343525,-0.33116224,-0.32021946,-0.29798365,-0.26972672,-0.25116768,-0.2287423,-0.22088408,-0.2296479,-0.23520717,-0.22496146,-0.22616003,-0.25981444,-0.26960337,-0.31066766,-0.37074474,-0.37059528,-0.28827772,-0.23305434,-0.22917181,-0.2518637,-0.25373942,-0.22724204,-0.16356063,-0.15538949,-0.21174145,-0.267421,-0.2656448,-0.22522093,-0.18046002,-0.20726483,-0.17108577,-0.151313,-0.19586045,-0.21565455,-0.21102038,-0.15739372,-0.086790055,-0.07722364,-0.08493014,-0.08956483,-0.096064925,-0.08839247,-0.07685615,-0.042489126,-0.06795626,0.009838557
-0.020360902,-0.046056665,-0.08173807,-0.12232108,-0.16579698,-0.22328633,-0.28760138,-0.3513616,-0.41667753,-0.46355397,-0.4942619,-0.49510247,-0.4308647,-0.3852877,-0.35808498,-0.32807776,-0.2884004,-0.24898896,-0.2530773,-0.2561708,-0.24163385,-0.22145723,-0.2461147,-0.27261177,-0.2904266,-0.32913372,-0.35166934,-0.30057663,-0.23202968,-0.2242774,-0.23210423,-0.24024679,-0.22839129,-0.17775789,-0.15630867,-0.19051701,-0.23323064,-0.24696161,-0.23272634,-0.23204713,-0.22839636,-0.17921838,-0.16629694,-0.21101916,-0.24483812,-0.24872458,-0.1897077,-0.119715385,-0.09926443,-0.107071474,-0.11537823,-0.103855826,-0.118679546,-0.09759972,-0.076051116,-0.057548232,-0.015733086
-0.1804168,-0.21457706,-0.25725207,-0.28986734,-0.34351903,-0.3807655,-0.43058807,-0.4951233,-0.53650475,-0.5745361,-0.6095418,-0.6410115,-0.6124058,-0.5152125,-0.4487698,-0.41221738,-0.348413,-0.276224,-0.26814198,-0.2831704,-0.2721082,-0.24056445,-0.22808544,-0.26361132,-0.26781648,-0.29096547,-0.30884874,-0.3098703,-0.25841066,-0.226693,-0.22652847,-0.22715147,-0.23298515,-0.21018788,-0.19718328,-0.20066826,-0.22417034,-0.25223523,-0.27134037,-0.25667894,-0.19821806,-0.17717388,-0.1705894,-0.20726974,-0.2547317,-0.25047618,-0.18250701,-0.107714064,-0.13305698,-0.15663084,-0.15865687,-0.12220454,-0.12807551,-0.13200706,-0.13027737,-0.050882123,-0.058823682
-0.2831827,-0.31091475,-0.3362968,-0.3715173,-0.41126007,-0.4546824,-0.50737894,-0.5740315,-0.64568496,-0.69950163,-0.75582755,-0.76856554,-0.80239797,-0.7251646,-0.59210736,-0.5063779,-0.43171203,-0.3106225,-0.2796524,-0.29137117,-0.2954353,-0.26166567,-0.22371015,-0.24901669,-0.2754445,-0.26449925,-0.26865497,-0.28883064,-0.27432042,-0.24238887,-0.22951669,-0.22216505,-0.22935447,-0.22423813,-0.21284983,-0.21460213,-0.23434871,-0.23733336,-0.23015234,-0.19363038,-0.1656452,-0.17454642,-0.15583642,-0.19249691,-0.23514354,-0.20271793,-0.13959464,-0.09828384,-0.14117588,-0.18590072,-0.19310063,-0.14713533,-0.12169153,-0.14973131,-0.14878777,-0.04914671,-0.048883118
-0.31706738,-0.34520024,-0.38282824,-0.4184507,-0.4605896,-0.51256526,-0.5715301,-0.6237004,-0.66116923,-0.72338384,-0.8029474,-0.85729253,-0.89988625,-0.9024657,-0.7352383,-0.61180663,-0.5310294,-0.34226412,-0.27392906,-0.29546455,-0.31256098,-0.28972447,-0.241557,-0.23422202,-0.2588524,-0.26462388,-0.24340683,-0.2544521,-0.27059048,-0.25438613,-0.21938843,-0.21151529,-0.21071419,-0.2093913,-0.20626323,-0.1969955,-0.20207992,-0.1972857,-0.17442334,-0.16217513,-0.14172623,-0.16596484,-0.16364953,-0.18488148,-0.20824897,-0.16687073,-0.12834826,-0.11573511,-0.1715053,-0.21501666,-0.22449979,-0.19943589,-0.13500449,-0.15146601,-0.1507875,-0.095399305,-0.08500159
-0.3735329,-0.40501672,-0.42332858,-0.4430253,-0.47619653,-0.520109,-0.5715091,-0.6415329,-0.6848271,-0.753908,-0.80803293,-0.87647504,-0.8891071,-0.96247315,-0.8581438,-0.74242425,-0.66261756,-0.37300307,-0.26040822,-0.283652,-0.31554428,-0.31344947,-0.27518663,-0.24833766,-0.2501164,-0.25566003,-0.24741542,-0.24677724,-0.25743976,-0.25178757,-0.21350059,-0.20145974,-0.20287608,-0.19179344,-0.18693064,-0.17228037,-0.160392,-0.15981933,-0.1590201,-0.14087123,-0.1508385,-0.14735083,-0.1378506,-0.17873734,-0.19252537,-0.17692044,-0.14699775,-0.16096108,-0.20495196,-0.24332851,-0.25030726,-0.22037564,-0.15966195,-0.17159383,-0.16499022,-0.12729684,-0.11791144
-0.35638103,-0.36707932,-0.38417378,-0.4197038,-0.44104737,-0.4806342,-0.53593683,-0.61357605,-0.69866455,-0.7843224,-0.8319917,-0.8750962,-0.866799,-0.9172745,-0.9144591,-0.8223885,-0.76329076,-0.4254906,-0.26457947,-0.25954092,-0.2802346,-0.3127949,-0.30551535,-0.2864825,-0.265125,-0.25249988,-0.23864026,-0.25427195,-0.24375671,-0.2427914,-0.22274077,-0.20104806,-0.19713907,-0.18834843,-0.17140356,-0.15654732,-0.1348594,-0.12875563,-0.12001688,-0.12970701,-0.13186419,-0.1402488,-0.13405287,-0.19101524,-0.21146849,-0.19206765,-0.18868071,-0.18209645,-0.20620245,-0.2563228,-0.26703662,-0.24199614,-0.1877662,-0.18798037,-0.19393513,-0.13900527,-0.14127007
-0.323013,-0.36387596,-0.3842401,-0.39922842,-0.4072563,-0.46516573,-0.5230932,-0.6035373,-0.7060702,-0.8106511,-0.8584274,-0.9029456,-0.99118996,-0.93676054,-0.9262888,-0.92904353,-0.7757821,-0.43425304,-0.2672186,-0.25771713,-0.2600486,-0.29136473,-0.31102985,-0.3094082,-0.27756268,-0.2555809,-0.2366789,-0.26452982,-0.24557139,-0.22696255,-0.22002575,-0.21359351,-0.19955966,-0.16637087,-0.17378265,-0.12544346,-0.086396456,-0.077296436,-0.0904648,-0.108283,-0.12327571,-0.14197278,-0.16350567,-0.22121435,-0.23318088,-0.22926298,-0.23474362,-0.20973605,-0.19262245,-0.2464606,-0.27315915,-0.26396608,-0.21194969,-0.19779019,-0.20650971,-0.13904852,-0.16951257
-0.3022164,-0.30012944,-0.33726037,-0.38503867,-0.42634398,-0.48373228,-0.55563164,-0.6195228,-0.7161525,-0.8148977,-0.8424468,-0.9108231,-0.9542198,-0.9859616,-0.9908917,-1.0058287,-0.8099383,-0.49260852,-0.30088347,-0.26951337,-0.26020423,-0.2502237,-0.28733087,-0.31397545,-0.29087865,-0.26444602,-0.2417227,-0.2544486,-0.2613907,-0.22353595,-0.21402326,-0.20110852,-0.16893223,-0.17824656,-0.12226341,-0.051525287,-0.024991807,-0.04306639,-0.056099493,-0.10296528,-0.13181612,-0.16459672,-0.19430399,-0.2417493,-0.28864923,-0.29232353,-0.2935582,-0.25225008,-0.19678104,-0.24742384,-0.29753456,-0.28752804,-0.24527887,-0.2059787,-0.21881253,-0.13017225,-0.16577919
-0.24601135,-0.31396723,-0.36536872,-0.42751065,-0.45078582,-0.5313313,-0.58827245,-0.62639546,-0.73102283,-0.8219758,-0.8416723,-0.9339658,-0.97834945,-0.8975272,-0.91336673,-0.9379301,-0.8232901,-0.6738665,-0.4008346,-0.32091945,-0.28634578,-0.23692206,-0.23268902,-0.28475657,-0.29425603,-0.28155074,-0.2551889,-0.25209865,-0.26011193,-0.22847432,-0.19404711,-0.17102659,-0.16797474,-0.12359626,-0.025342686,0.004779406,-0.010229869,-0.040421415,-0.07433767,-0.112951905,-0.1250538,-0.16548492,-0.21167412,-0.24999547,-0.30799916,-0.35436594,-0.34331983,-0.2763116,-0.20844054,-0.25258505,-0.32416698,-0.30731565,-0.26890972,-0.21420394,-0.2189428,-0.1530728,-0.16455011
-0.189122,-0.2507218,-0.36335588,-0.43346736,-0.50563383,-0.5591562,-0.6083737,-0.64055085,-0.6928525,-0.76698506,-0.79585505,-0.905249,-0.9509984,-0.8655522,-0.7929677,-0.8360456,-0.74640447,-0.75138783,-0.55103266,-0.40851015,-0.34117252,-0.26681215,-0.21317437,-0.24256058,-0.2850263,-0.28175128,-0.26914623,-0.24477252,-0.25023943,-0.22906373,-0.1700975,-0.15052307,-0.09393047,-0.008230679,0.03190366,0.019745769,-0.009624451,-0.056747094,-0.0751443,-0.09677166,-0.12883401,-0.16348559,-0.20577106,-0.25933748,-0.30213273,-0.34767854,-0.34637928,-0.27475885,-0.2286726,-0.26793116,-0.34059346,-0.3258413,-0.2851955,-0.24192962,-0.21916085,-0.151066,-0.16739407
-0.12855345,-0.21392773,-0.30354878,-0.39771217,-0.43813705,-0.542817,-0.61099464,-0.6586253,-0.72131217,-0.7621896,-0.78434104,-0.8440232,-0.89070857,-0.8658736,-0.762699,-0.7771739,-0.74384713,-0.7348223,-0.67265964,-0.5412113,-0.43811515,-0.3535379,-0.23015392,-0.18981275,-0.23936658,-0.28065994,-0.27487636,-0.24037428,-0.23899384,-0.1874858,-0.15171807,-0.075062834,0.017041491,0.047204155,0.02754239,-0.0020349193,-0.03962516,-0.067543745,-0.06451899,-0.09396589,-0.096353956,-0.16048875,-0.20988923,-0.24917917,-0.2928847,-0.33272958,-0.3192279,-0.28947324,-0.25420922,-0.29455507,-0.35237598,-0.3487269,-0.29576814,-0.2509816,-0.2220521,-0.16721502,-0.17610449
