data/gulf-currents.json
{"header": {"parameterCategory": 2, "parameterNumber": 3, "lo1": -99.03997802734375, "la1": 41.84000015258789, "dx": 0.24, "dy": 0.24, "nx": 172, "ny": 142, "refTime": "2024-08-28T00:00:00Z", "forecastTime": 0, "source": "HYCOM GOFS 3.1 GLBy0.08/expt_93.0 (NCSS), surface, 2024-08-28T00:00:00Z"}, "data":
[rows 68 to 101 of 142, columns 0 to 75 of 172]
null,null,null,null,null,null,null,null,0.056,-0.061,-0.176,-0.051,0.313,0.521,0.533,0.525,0.668,0.777,0.716,0.552,0.176,-0.324,-0.568,-0.442,-0.261,-0.378,-0.418,-0.284,-0.188,0.139,0.317,0.378,0.461,0.3,0.278,0.029,0.061,0.814,1.038,0.594,-0.062,-0.405,-0.577,-0.632,-0.607,-0.192,-0.129,0.062,0.234,0.218,0.188,0.216,0.288,0.543,0.882,0.771,0.375,-0.07,-0.454,-0.556,-0.559,-0.189,-0.046,0.277,0.245,0.22,0.166,0.115,0.102,0.085,0.076,0.085,0.084,0.06,0.038,null
null,null,null,null,null,null,null,0.044,-0.008,-0.071,-0.022,0.166,0.432,0.559,0.421,0.478,0.61,0.7,0.643,0.553,0.072,-0.472,-0.55,-0.445,-0.255,-0.254,-0.268,-0.171,0.052,0.206,0.285,0.428,0.375,0.256,0.113,-0.087,0.181,0.855,0.937,0.612,-0.034,-0.477,-0.574,-0.525,-0.504,-0.24,-0.067,0.142,0.34,0.313,0.071,0.16,0.355,0.898,1.322,1.086,0.476,-0.146,-0.654,-0.91,-0.832,-0.547,-0.114,0.222,0.276,0.287,0.178,0.103,0.097,0.081,0.068,0.064,0.08,0.065,0.067,null
null,null,null,null,null,null,null,0.06,-0.003,0.057,0.143,0.365,0.483,0.399,0.265,0.347,0.509,0.595,0.467,0.305,-0.099,-0.421,-0.481,-0.359,-0.189,-0.124,-0.086,0.036,0.19,0.271,0.336,0.332,0.216,0.112,-0.027,-0.127,0.19,0.762,0.85,0.588,0.047,-0.388,-0.47,-0.341,-0.374,-0.339,-0.154,0.108,0.336,0.296,0.051,0.119,0.437,1.405,1.596,1.111,0.559,-0.004,-0.688,-1.16,-1.029,-0.741,-0.207,0.098,0.33,0.275,0.178,0.086,0.099,0.087,0.064,0.047,0.047,0.035,0.076,0.013
null,null,null,null,null,null,0.047,-0.001,-0.004,0.127,0.381,0.438,0.403,0.25,0.174,0.276,0.413,0.444,0.331,0.108,-0.196,-0.365,-0.388,-0.24,-0.086,-0.009,0.079,0.202,0.319,0.352,0.295,0.174,0.069,0.008,-0.089,-0.066,0.159,0.563,0.781,0.559,0.169,-0.17,-0.243,-0.206,-0.28,-0.341,-0.293,-0.076,0.137,0.147,-0.004,0.167,0.665,1.573,1.614,1.113,0.585,0.108,-0.527,-1.209,-1.274,-0.914,-0.196,0.318,0.45,0.2,0.102,0.119,0.122,0.088,0.054,0.035,0.029,-0.009,0.051,0.045
null,null,null,null,null,null,0.082,-0.015,0.047,0.351,0.452,0.391,0.317,0.136,0.143,0.224,0.29,0.257,0.246,0.034,-0.169,-0.284,-0.266,-0.164,-0.109,-0.028,0.103,0.27,0.401,0.37,0.235,0.13,0.037,-0.036,-0.025,-0.023,0.087,0.281,0.586,0.541,0.315,0.076,-0.033,-0.071,-0.152,-0.219,-0.257,-0.192,-0.036,0.0,-0.097,0.09,0.803,1.672,1.586,1.082,0.551,0.124,-0.409,-1.138,-1.428,-0.989,-0.366,0.249,0.369,0.347,0.204,0.121,0.109,0.064,0.044,0.063,null,0.027,0.041,0.267
null,null,null,null,null,null,0.044,-0.005,0.234,0.442,0.467,0.311,0.174,0.053,0.097,0.172,0.179,0.119,0.093,-0.001,-0.143,-0.207,-0.202,-0.197,-0.19,-0.114,0.096,0.335,0.4,0.358,0.261,0.171,0.089,0.019,-0.043,0.044,0.078,0.028,0.244,0.416,0.34,0.202,0.087,-0.001,-0.031,-0.046,-0.111,-0.192,-0.142,-0.134,-0.078,0.025,0.821,1.654,1.535,1.017,0.439,0.056,-0.389,-0.946,-1.351,-1.027,-0.526,0.057,0.095,0.189,0.23,0.132,0.101,0.046,0.044,0.052,0.033,0.132,0.211,0.409
null,null,null,null,null,null,0.026,0.037,0.342,0.45,0.444,0.2,0.102,-0.011,0.072,0.146,0.113,0.061,0.023,-0.02,-0.08,-0.178,-0.227,-0.268,-0.244,-0.145,0.082,0.316,0.39,0.337,0.225,0.144,0.11,0.071,0.077,0.141,0.112,-0.069,-0.095,0.05,0.236,0.273,0.202,0.119,0.088,0.096,0.06,-0.146,-0.082,-0.131,-0.009,0.086,0.916,1.658,1.426,0.918,0.34,0.013,-0.298,-0.739,-1.066,-0.977,-0.654,-0.229,-0.074,-0.077,0.298,0.304,0.253,0.241,0.265,0.3,0.296,0.312,0.358,0.433
null,null,null,null,null,null,0.028,0.098,0.363,0.43,0.37,0.104,0.052,-0.001,0.08,0.121,0.097,0.06,0.049,-0.006,-0.062,-0.19,-0.293,-0.223,-0.138,-0.033,0.115,0.254,0.311,0.242,0.276,0.201,0.136,0.139,0.173,0.187,0.105,-0.059,-0.224,-0.089,-0.018,0.058,0.134,0.159,0.194,0.2,0.145,0.013,-0.224,-0.014,0.045,0.339,1.129,1.627,1.312,0.84,0.291,0.07,-0.13,-0.431,-0.716,-0.852,-0.732,-0.417,-0.184,0.005,0.223,0.399,0.371,0.36,0.439,0.444,0.385,0.354,0.294,0.315
null,null,null,null,null,null,-0.021,0.24,0.369,0.365,0.252,0.013,0.003,0.023,0.07,0.129,0.092,0.081,0.114,0.06,-0.053,-0.162,-0.227,-0.116,-0.056,-0.006,0.07,0.227,0.242,0.21,0.247,0.243,0.133,0.089,0.158,0.212,0.115,-0.06,-0.206,-0.095,0.036,0.095,0.042,0.006,0.049,-0.018,-0.036,0.006,0.056,0.024,0.185,0.526,1.2,1.596,1.281,0.826,0.284,0.044,-0.007,-0.162,-0.416,-0.645,-0.69,-0.523,-0.255,-0.033,0.168,0.289,0.363,0.437,0.506,0.498,0.33,0.234,0.163,0.136
null,null,null,null,null,null,-0.033,0.321,0.327,0.269,0.133,-0.053,-0.052,-0.034,0.024,0.1,0.088,0.092,0.122,0.113,0.023,-0.106,-0.144,-0.064,0.027,0.06,0.086,0.199,0.219,0.285,0.275,0.176,0.093,0.1,0.173,0.215,0.088,-0.104,-0.193,-0.04,0.079,0.07,0.114,0.13,0.191,0.245,0.189,0.096,0.174,0.283,0.269,0.468,1.155,1.465,1.158,0.816,0.304,-0.053,-0.003,0.013,-0.139,-0.333,-0.49,-0.455,-0.178,0.129,0.335,0.404,0.421,0.425,0.34,0.175,0.144,0.089,0.0,-0.007
null,null,null,null,null,null,0.03,0.375,0.273,0.188,0.007,-0.115,-0.107,-0.074,-0.026,0.018,0.012,0.05,0.112,0.124,0.098,0.055,0.039,0.058,0.115,0.13,0.164,0.163,0.279,0.356,0.299,0.124,0.07,0.131,0.158,0.116,-0.002,-0.115,-0.07,0.03,0.085,0.111,0.089,0.081,0.155,0.122,0.117,0.174,0.209,0.216,0.234,0.329,1.111,1.37,1.064,0.801,0.376,0.003,-0.086,0.0,0.024,-0.11,-0.279,-0.288,0.063,0.274,0.287,0.138,0.087,0.097,null,null,null,0.024,null,null
null,null,null,null,null,null,0.173,0.395,0.25,0.165,-0.119,-0.182,-0.082,-0.08,-0.042,0.004,0.036,0.036,0.071,0.104,0.127,0.106,0.107,0.119,0.104,0.067,0.12,0.18,0.264,0.345,0.3,0.163,0.102,0.168,0.109,0.023,-0.059,-0.046,0.076,0.141,0.059,0.081,0.113,0.159,0.124,0.184,0.191,0.218,0.238,0.13,0.162,0.285,1.097,1.386,1.043,0.746,0.382,0.088,-0.062,-0.105,-0.09,-0.178,-0.2,-0.108,0.041,null,null,null,null,null,null,null,null,null,null,null
null,null,null,null,null,0.09,0.099,0.413,0.215,0.1,-0.223,-0.246,-0.111,-0.06,0.009,0.075,0.122,0.092,0.066,0.102,0.127,0.117,0.105,0.09,0.058,0.062,0.111,0.169,0.177,0.24,0.279,0.169,0.125,0.106,0.065,0.053,0.027,0.028,0.065,0.027,0.022,0.027,0.124,0.074,0.089,0.179,0.227,0.244,0.195,0.087,0.136,0.184,1.0,1.384,1.182,0.763,0.376,0.149,-0.019,-0.187,-0.283,-0.262,-0.086,null,null,null,null,null,-0.006,0.011,0.01,-0.058,null,null,null,null
null,null,null,null,null,null,0.04,0.396,0.19,0.011,-0.267,-0.312,-0.131,-0.066,0.018,0.161,0.21,0.214,0.165,0.151,0.204,0.173,0.087,0.05,0.08,0.077,0.106,0.056,0.037,0.09,0.217,0.165,0.11,0.049,0.045,0.086,0.091,0.063,0.066,0.074,0.031,0.057,0.051,0.088,0.091,0.113,0.19,0.25,0.15,0.154,0.054,0.142,0.901,1.299,1.212,0.823,0.442,0.117,-0.155,-0.289,-0.161,0.019,null,null,null,null,null,-0.002,0.089,0.043,0.064,null,null,null,null,null
null,null,null,null,null,null,-0.012,0.311,0.216,-0.071,-0.316,-0.339,-0.184,-0.162,0.02,0.218,0.295,0.286,0.258,0.239,0.291,0.256,0.105,-0.063,0.031,0.051,0.047,0.01,-0.003,0.022,0.066,0.13,0.121,0.085,0.103,0.098,0.06,0.073,0.082,0.08,0.058,0.07,0.059,0.075,0.077,0.106,0.134,0.173,0.073,0.157,0.122,0.104,0.728,1.273,1.218,0.845,0.446,0.049,-0.175,0.048,-0.117,null,null,-0.014,-0.013,0.001,0.007,0.022,-0.002,0.054,0.046,0.029,0.004,0.024,null,null
null,null,null,null,null,null,0.07,0.184,0.32,-0.054,-0.325,-0.383,-0.24,-0.147,0.036,0.202,0.376,0.364,0.305,0.326,0.366,0.216,0.047,-0.101,-0.05,-0.035,0.032,0.032,0.034,0.086,0.107,0.112,0.11,0.068,0.063,0.065,0.045,0.052,0.064,0.068,0.053,0.052,0.032,0.025,0.055,0.047,0.096,0.103,0.05,0.056,0.177,0.166,0.61,1.254,1.255,0.881,0.461,0.124,-0.026,-0.001,null,null,null,-0.017,0.065,0.151,0.022,null,null,0.04,0.029,0.007,0.007,-0.119,0.113,0.106
null,null,null,null,null,null,null,0.078,0.437,0.033,-0.28,-0.406,-0.278,-0.109,-0.02,0.159,0.386,0.439,0.339,0.367,0.4,0.184,-0.057,-0.114,-0.108,-0.088,0.05,0.059,0.081,0.083,0.094,0.09,0.108,0.075,0.056,0.027,0.017,0.025,0.032,0.03,0.014,0.03,0.009,0.011,0.042,0.056,0.046,0.054,0.093,0.005,0.093,0.125,0.649,1.278,1.283,0.935,0.541,0.22,-0.033,0.024,0.272,0.011,0.051,0.036,0.06,0.144,-0.004,null,null,null,0.096,-0.044,0.01,-0.02,0.024,0.121
null,null,null,null,null,null,null,0.002,0.393,0.05,-0.24,-0.385,-0.268,-0.128,-0.018,0.131,0.34,0.353,0.314,0.352,0.364,0.165,-0.074,-0.123,-0.172,-0.107,0.062,0.026,0.077,0.1,0.073,0.063,0.095,0.09,0.038,0.017,0.021,-0.001,-0.006,-0.003,-0.016,0.006,0.012,null,null,null,null,null,null,null,null,null,0.913,1.394,1.342,0.895,0.592,0.281,0.064,-0.109,0.017,0.111,0.039,0.027,0.072,0.2,0.133,0.02,-0.023,0.003,-0.023,-0.013,0.09,0.104,0.142,0.246
null,null,null,null,null,null,null,0.046,0.277,0.051,-0.184,-0.348,-0.269,-0.138,0.057,0.149,0.292,0.236,0.231,0.269,0.259,0.123,-0.033,-0.104,-0.124,-0.073,0.009,0.008,0.067,0.078,0.068,0.07,0.062,0.051,0.038,0.01,-0.027,-0.022,null,null,null,null,null,null,null,null,null,null,null,null,null,0.209,1.201,1.545,1.294,0.9,0.543,0.294,0.118,-0.027,-0.16,-0.061,-0.073,-0.056,0.062,0.18,0.145,-0.023,-0.14,-0.118,-0.053,0.084,0.221,0.271,0.307,0.316
null,null,null,null,null,null,null,null,0.117,0.093,-0.152,-0.316,-0.237,-0.065,0.058,0.149,0.259,0.114,0.101,0.122,0.103,0.032,-0.058,-0.107,-0.075,0.015,0.039,0.005,0.029,0.057,0.068,0.055,0.037,0.009,0.001,-0.045,-0.047,null,null,null,null,null,null,null,null,null,null,null,null,null,null,0.272,1.071,1.444,1.17,0.846,0.484,0.305,0.14,0.003,-0.177,-0.249,-0.178,-0.137,0.035,0.137,0.091,-0.033,-0.106,-0.153,-0.011,0.232,0.431,0.472,0.514,0.467
null,null,null,null,null,null,null,null,0.05,0.127,-0.194,-0.252,-0.174,-0.046,0.053,0.191,0.183,0.048,-0.033,-0.037,-0.034,-0.095,-0.135,-0.099,-0.003,0.084,0.121,0.023,-0.029,0.057,0.065,0.069,0.026,-0.034,-0.051,-0.075,null,null,null,null,null,null,null,null,null,null,null,null,null,null,null,0.566,1.12,1.284,1.072,0.744,0.435,0.306,0.153,0.036,-0.134,-0.351,-0.313,-0.268,-0.012,0.093,0.03,-0.059,-0.157,-0.224,-0.026,0.249,0.588,0.599,0.624,0.617
null,null,null,null,null,null,null,null,null,0.039,-0.129,-0.28,-0.166,-0.041,0.065,0.181,0.107,0.014,-0.128,-0.151,-0.133,-0.129,-0.11,-0.005,0.107,0.139,0.119,0.096,-0.089,0.112,0.083,0.03,-0.025,-0.029,-0.072,-0.086,null,null,null,null,null,null,null,null,null,null,null,null,null,null,1.2,null,1.209,1.146,0.931,0.611,0.385,0.296,0.176,0.128,-0.014,-0.203,-0.364,-0.374,-0.21,0.03,0.015,-0.116,-0.233,-0.273,-0.045,0.354,0.574,0.581,0.638,0.655
null,null,null,null,null,null,null,null,null,null,-0.012,-0.152,-0.158,-0.034,0.132,0.11,0.023,-0.052,-0.169,-0.217,-0.177,-0.125,-0.067,0.085,0.249,0.238,0.169,0.17,0.009,0.076,0.093,0.005,-0.018,0.006,-0.039,-0.075,null,null,null,null,null,null,null,null,null,null,null,null,null,0.23,0.733,0.839,0.901,0.923,0.763,0.477,0.328,0.282,0.24,0.196,0.141,-0.015,-0.172,-0.302,-0.311,-0.235,-0.146,-0.095,-0.207,-0.215,0.008,0.329,0.492,0.591,0.663,0.526
null,null,null,null,null,null,null,null,null,null,null,-0.023,-0.103,0.052,0.12,0.062,-0.041,-0.058,-0.162,-0.216,-0.184,-0.119,-0.049,0.082,0.243,0.29,0.186,0.147,0.152,-0.003,0.121,-0.011,-0.009,-0.028,-0.05,-0.054,null,null,null,null,null,null,null,null,null,null,null,null,null,0.373,0.983,0.955,0.824,0.772,0.61,0.382,0.305,0.303,0.294,0.264,0.188,0.079,-0.044,-0.132,-0.241,-0.337,-0.382,-0.327,-0.127,-0.081,0.103,0.399,0.542,0.577,0.628,0.328
null,null,null,null,null,null,null,null,null,null,null,-0.043,-0.028,0.085,0.071,0.007,-0.054,-0.128,-0.185,-0.195,-0.13,-0.065,-0.029,0.007,0.09,0.224,0.132,0.07,0.124,0.05,0.081,-0.04,-0.028,-0.049,-0.081,null,null,null,null,null,null,null,null,null,null,null,null,null,0.025,0.656,1.077,0.961,0.762,0.632,0.478,0.342,0.285,0.261,0.276,0.269,0.215,0.142,0.052,0.0,-0.081,-0.253,-0.428,-0.482,-0.299,-0.02,0.288,0.462,0.51,0.467,0.399,0.202
null,null,null,null,null,null,null,null,null,null,null,null,-0.015,0.026,0.009,-0.041,-0.123,-0.189,-0.229,-0.196,-0.081,0.042,0.11,0.098,0.094,0.102,0.016,-0.015,0.1,0.057,0.01,-0.057,-0.033,-0.044,-0.085,null,null,null,null,null,null,null,null,null,null,null,null,null,null,0.909,1.133,0.925,0.712,0.512,0.406,0.373,0.283,0.21,0.21,0.207,0.252,0.238,0.155,0.111,0.032,-0.138,-0.335,-0.467,-0.424,-0.094,0.205,0.388,0.382,0.379,0.13,0.171
null,null,null,null,null,null,null,null,null,null,null,null,-0.054,0.058,-0.039,-0.065,-0.121,-0.185,-0.189,-0.131,-0.039,0.096,0.172,0.178,0.174,0.071,-0.019,-0.009,-0.008,0.001,-0.002,-0.031,-0.042,-0.06,-0.048,null,null,null,null,null,null,null,null,null,null,null,null,null,null,1.162,1.068,0.89,0.606,0.403,0.412,0.402,0.324,0.225,0.162,0.15,0.27,0.31,0.264,0.217,0.152,-0.028,-0.242,-0.376,-0.355,-0.13,0.133,0.231,0.288,0.234,null,0.134
null,null,null,null,null,null,null,null,null,null,null,null,null,-0.044,0.028,-0.077,-0.146,-0.1,-0.056,-0.029,0.024,0.12,0.138,0.05,0.007,0.011,0.015,-0.046,-0.037,-0.018,-0.011,-0.02,-0.054,-0.081,null,null,null,null,null,null,null,null,null,null,null,null,null,null,0.402,0.698,0.974,0.824,0.48,0.404,0.411,0.378,0.38,0.222,0.125,0.165,0.248,0.269,0.249,0.25,0.187,0.043,-0.147,-0.261,-0.23,-0.069,0.057,0.11,0.151,0.134,0.076,0.02
null,null,null,null,null,null,null,null,null,null,null,null,null,null,-0.026,-0.049,-0.043,-0.035,-0.065,0.014,0.123,0.009,-0.035,0.001,-0.019,-0.059,-0.029,-0.007,-0.008,-0.058,-0.003,-0.036,-0.033,-0.05,null,null,null,null,null,null,null,null,null,null,null,null,null,null,0.642,0.513,0.914,0.669,0.46,0.466,0.403,0.41,0.405,0.292,0.202,0.204,0.217,0.227,0.221,0.177,0.122,0.01,-0.099,-0.141,-0.12,-0.093,-0.07,0.01,0.062,0.056,0.0,-0.017
null,null,null,null,null,null,null,null,null,null,null,null,null,null,null,null,null,null,-0.088,0.023,0.049,-0.065,-0.198,-0.026,-0.01,-0.036,-0.038,null,null,null,0.0,-0.04,-0.014,null,null,null,null,null,null,null,null,null,null,null,null,null,null,null,0.629,0.637,0.784,0.55,0.493,0.488,0.467,0.324,0.296,0.382,0.355,0.324,0.29,0.254,0.198,0.137,0.064,-0.04,-0.108,-0.148,-0.173,-0.195,-0.143,-0.029,-0.063,0.011,-0.06,-0.032
null,null,null,null,null,null,null,null,null,null,null,null,null,null,null,null,null,null,null,-0.076,-0.074,-0.01,null,null,null,null,null,null,null,null,null,-0.01,null,null,null,null,null,null,null,null,null,null,null,null,null,null,0.025,0.273,0.434,0.548,0.632,0.504,0.512,0.473,0.425,0.28,0.31,0.334,0.324,0.342,0.357,0.294,0.15,0.048,0.003,-0.031,-0.101,-0.178,-0.216,-0.168,-0.057,-0.076,-0.094,-0.013,-0.039,0.035
null,null,null,null,null,null,null,null,null,null,null,null,null,null,null,null,null,null,null,null,null,null,null,null,null,null,null,null,null,null,null,null,null,null,null,null,null,null,null,null,null,null,null,null,null,null,0.132,0.248,0.315,0.413,0.546,0.448,0.429,0.379,0.402,0.239,0.277,0.309,0.38,0.412,0.445,0.322,0.139,0.058,0.018,-0.014,-0.084,-0.113,-0.113,-0.092,-0.057,-0.067,-0.059,0.021,0.098,0.173
null,null,null,null,null,null,null,null,null,null,null,null,null,null,null,null,null,null,null,null,null,null,null,null,null,null,null,null,null,null,null,null,null,null,null,null,null,null,null,null,null,null,null,null,null,null,0.055,0.19,0.237,0.274,0.466,0.375,0.35,0.232,0.267,0.185,0.181,0.244,0.313,0.338,0.332,0.306,0.202,0.17,0.135,0.066,0.009,-0.025,-0.018,-0.011,0.007,0.018,0.048,0.092,0.15,0.166
null,null,null,null,null,null,null,null,null,null,null,null,null,null,null,null,null,null,null,null,null,null,null,null,null,null,null,null,null,null,null,null,null,null,null,null,null,null,null,null,null,null,null,null,null,0.023,0.043,0.194,0.166,0.124,0.154,0.368,0.286,0.2,0.136,0.14,0.123,0.107,0.196,0.272,0.249,0.275,0.263,0.321,0.27,0.109,0.107,0.028,0.015,0.036,0.039,0.053,0.069,0.097,0.101,0.094
