data/gulf-currents.json
{"header": {"parameterCategory":2,"parameterNumber":2,"lo1":-99,"la1":42,"dx":0.15,"dy":0.15,"nx":274,"ny":228,"refTime":"2026-06-23T00:24:52.804Z","forecastTime":0,"source":"illustrative field (tools/generate-field.js)"}, "data":
[rows 126 to 146 of 228, columns 98 to 146 of 274]
-0.044192069868617755,-0.03890705212072462,-0.035313296675077606,-0.03301266342244882,0.03341523105327915,0.05847701264913749,0.09123255145104109,0.13314598530650482,0.18562991697047576,0.249911216341994,0.32687140209949705,0.4117734176056079,0.48946656990242454,0.5503597314339957,0.5860537786136842,0.5913290891229821,0.6959596023921661,0.657786477048374,0.6202941341486606,0.5835944883366925,0.5477884390219538,0.5129657019599059,0.47920476123386524,0.44657293507799456,0.4104459005900276,0.3575670766711413,0.29402827154904876,0.22739532408808652,0.1642674878096211,0.10930968718570466,0.06491704999764676,0.012466177147792003,-0.0030329131812243428,-0.013349533855700937,-0.020004137891184652,-0.024165339198429347,-0.026688593727073023,-0.02817269594568606,-0.02901958337874443,-0.02948853960492048,-0.029740573192617477,-0.029872056216526322,-0.02993865085067139,-0.02997176216939086,-0.029987650885021467,-0.029994868763146963,-0.029997974230578605,-0.029999240129328045,-0.029999729186022214
-0.04452594436118586,-0.0391422700913204,-0.03546871882827198,-0.03310921063767656,0.007782058577624262,0.024153896148369457,0.046227751080141724,0.07538044759001468,0.11308057610277295,0.16080045462530593,0.21821859946431524,0.2771926880625848,0.3312176197378952,0.37356045815663386,0.3983807698916072,0.4020490265097739,0.3840166510485252,0.4420660021246011,0.41150609019404705,0.38208423346427944,0.3538406805878006,0.3268059382195412,0.30100120708964484,0.27643887886370366,0.25186291681273065,0.21802316594670687,0.17736157069031916,0.13471988211485658,0.09432128596035026,0.059151096011763674,0.03074207191506198,0.009321876836781165,-0.013349533855727489,-0.020004137891195945,-0.02416533919843409,-0.026688593727074987,-0.028172695945686863,-0.029019583378744725,-0.029488539604920636,-0.029740573192617532,-0.029872056216526353,-0.02993864852275218,-0.0299713956320268,-0.0299870329500107,-0.029994330858552694,-0.02999764438928862,-0.02999907002457994,-0.02999965116412565,-0.029999875676698397
-0.044867351175526024,-0.03938355937355165,-0.03562867407211726,-0.033208908505353574,-0.03173875767354153,0.001831575502329652,0.01602993072760238,0.03537002688329671,0.06117756910720827,0.09450889918065129,0.13217951814124487,0.17071168538287196,0.2060101891481851,0.2336759092188028,0.2498928613185559,0.2522896077052912,0.24050772349664987,0.2751740496452667,0.2523315194193996,0.2306671900514299,0.21017566110547975,0.1908450193452227,0.17265745084721082,0.1555898615598875,0.13948599924414695,0.11913793766273456,0.09468785681992088,0.06904713302600353,0.044755195246736254,0.02360713201564362,0.0065246016451433325,-0.006355500526686576,-0.015456916962019705,-0.024165339198443134,-0.026688593727078786,-0.02817269594568844,-0.02901958337874537,-0.02948853960492087,-0.02974057319261764,-0.02987205621652638,-0.029938648522752194,-0.029971395632026804,-0.0299870329500107,-0.029994284535773595,-0.029997550579583893,-0.029998983902235477,-0.02999959885309537,-0.0299998495288927,-0.029999946372875525
-0.04521657292290576,-0.03963113787524049,-0.03579332753628232,-0.03331187754245989,-0.031799407107608424,-0.012031478462488324,-0.0033068512657510457,0.00894323056631808,0.025756516917892484,0.046438497484873206,0.06956532435146504,0.09322105291739113,0.11489155596712444,0.1318761270331262,0.14183205682855407,0.1433034720248904,0.13607032910386138,0.1558182042325916,0.140050468353045,0.1253039712674478,0.11154770302070166,0.09874755783020231,0.08686687894352582,0.07586697897994399,0.06570763192984208,0.05426253804883713,0.040448307414928206,0.02596136668001181,0.01223648645498951,0.0002878869863486913,-0.00936369723102556,-0.016640920695230127,-0.021783196770157068,-0.02519812370301409,-0.028172695945691426,-0.02901958337874661,-0.029488539604921378,-0.029740573192617838,-0.02987205621652648,-0.029938648522752225,-0.029971395632026818,-0.029987032950010702,-0.029994284535773595,-0.029997550579583893,-0.02999897935043955,-0.02999958648480834,-0.029999837412955133,-0.029999939013233327,-0.02999997826463175
-0.04557375149326315,-0.039885135017104056,-0.03596278973234554,-0.0334182051655198,-0.031862251012171015,-0.030964244104469112,-0.015134149823241353,-0.007719781369878408,0.002162971940856989,0.01409344749588018,0.027434201157240462,0.04108003315455559,0.05358067696269232,0.0633782346649698,0.0691213171078206,0.06997010531930903,0.06579766808269084,0.07656747922982388,0.06646995931127746,0.05715143990125847,0.04857284721324445,0.04069459999979509,0.03347696953301417,0.026880404777613914,0.020865822514067205,0.014733353406117922,0.007399645269581527,-0.00029119166289709453,-0.0075774653948570865,-0.013920745993046997,-0.01904458557518012,-0.02290792290864995,-0.025637857922607997,-0.027450776651259043,-0.02858453970825677,-0.029488539604922332,-0.02974057319261823,-0.029872056216526624,-0.029938648522752295,-0.029971395632026842,-0.029987032950010713,-0.0299942845357736,-0.029997550579583896,-0.02999897935043955,-0.02999958648480834,-0.029999837104989328,-0.029999937608476204,-0.029999976774310384,-0.029999991722484333
-0.04593891452103552,-0.040145608453088136,-0.036137126991066706,-0.03352795213055172,-0.03192733762361434,-0.03100065171245638,-0.022049267798663095,-0.017918636427473163,-0.012567253190747852,-0.006100660255982732,0.0011303010818300707,0.008526604181252749,0.01530218571919191,0.020612641539664155,0.023725497226760407,0.024185557436722516,0.021924023978222455,0.027564786566389735,0.021546852218375247,0.016064078007388932,0.011080714115260654,0.0065619483120330155,0.002474074934385964,-0.0012153655673127692,-0.004537474846278103,-0.0076859247969394105,-0.011344155230766897,-0.01518053011908994,-0.018815099129239315,-0.021979280428733657,-0.024535175148619408,-0.02646230095604516,-0.027824058360049343,-0.028728385931578445,-0.0292939342795668,-0.02962750825558975,-0.029813289002680446,-0.02993864852275241,-0.029971395632026894,-0.029987032950010734,-0.029994284535773606,-0.029997550579583896,-0.02999897935043955,-0.02999958648480834,-0.029999837104989328,-0.029999937608476204,-0.02999997676488108,-0.02999999158671301,-0.02999999703797988
-0.04631200428029261,-0.0404125623259335,-0.036316372857473106,-0.03364115956309048,-0.03199470366853376,-0.031038466929377232,-0.03051380382845815,-0.023847317991366343,-0.021121827549033155,-0.017828411479171614,-0.014145734049464155,-0.01037886338720213,-0.006928126955772353,-0.004223566812392016,-0.0026382218565223527,-0.0024039167492442594,-0.00355568898275585,-0.005923199830298483,-0.004057729089856792,-0.007067784986945724,-0.009769840687663352,-0.012189821907255847,-0.014352201214038185,-0.01627998341759409,-0.01799470695558012,-0.01954132071712908,-0.02125594516319409,-0.023054066492328208,-0.024757600753313368,-0.026240662771652365,-0.027438618900984417,-0.028341869005565283,-0.028980129109213423,-0.029403990369553545,-0.029669064711096562,-0.029825411913532624,-0.029912487951119393,-0.02995832238862126,-0.029987032950010768,-0.02999428453577362,-0.029997550579583903,-0.029998979350439554,-0.02999958648480834,-0.029999837104989328,-0.029999937608476204,-0.02999997676488108,-0.02999999158671301,-0.02999999703797988,-0.02999999898606106
-0.04669290570527295,-0.04068596496873861,-0.03650053913939278,-0.033757855774263636,-0.03206437852081555,-0.031077713335086073,-0.030534677904909734,-0.030252100179696866,-0.025751578971563636,-0.024175517454383674,-0.022413198881268123,-0.020610601734511867,-0.018959292496070222,-0.017665058990834454,-0.016906412110682376,-0.01679428734562153,-0.017345450870894376,-0.01847838921346162,-0.017702704426617165,-0.019247104427365075,-0.020616681854415994,-0.021828476521455656,-0.022898246825189723,-0.023840514623298982,-0.024668616161552453,-0.02539475765714424,-0.026149107968760264,-0.026941002716077498,-0.027691241207563708,-0.02834438346423784,-0.02887196475219132,-0.029269757160330347,-0.029550847660475735,-0.02973751665792875,-0.02985425570963376,-0.029923111201428734,-0.029961459590771084,-0.029981645130941766,-0.029991694457947086,-0.029997550579583913,-0.029998979350439558,-0.029999586484808344,-0.029999837104989328,-0.029999937608476204,-0.02999997676488108,-0.02999999158671301,-0.02999999703797988,-0.02999999898606106,-0.029999999662528504
-0.04708147117691709,-0.04096576456051327,-0.036689625677928404,-0.033878062288742315,-0.03213638787903165,-0.03111841259738823,-0.03055640079765408,-0.030263056366365743,-0.028089820767788473,-0.027381125704077917,-0.026588696578673188,-0.025778165204152017,-0.02503566394785072,-0.02445372111941413,-0.024112601111661126,-0.024062184240096256,-0.024310008837854145,-0.024819422954596743,-0.024509561806135612,-0.025251016655311032,-0.025900702898805507,-0.02646870794109992,-0.02696419586750811,-0.027395465641463074,-0.0277700094422134,-0.028094570448495566,-0.02840646968894928,-0.028734162148793378,-0.02904461691275128,-0.02931489246841754,-0.02953320987832012,-0.02969781959858742,-0.029814137124144224,-0.02989138226715338,-0.02993968983223826,-0.029968182792415463,-0.029984051666515573,-0.029992404606524404,-0.02999656309943046,-0.0299985223710853,-0.029999586484808344,-0.029999837104989328,-0.029999937608476204,-0.02999997676488108,-0.02999999158671301,-0.02999999703797988,-0.02999999898606106,-0.029999999662528504,-0.029999999890789626
-0.047477540690095056,-0.04125190185973016,-0.0368836282929515,-0.03400179874742811,-0.03221075675897431,-0.031160586278750305,-0.03057898788450358,-0.030274489013629557,-0.030123667836003037,-0.028893589781420065,-0.02855878161877752,-0.028216332081414868,-0.027902628389346935,-0.027656761100140193,-0.02751264008103997,-0.027491338665195084,-0.027596041400108608,-0.027811263060058374,-0.02769112635336963,-0.02802452447838034,-0.028313221104489264,-0.02856265814645763,-0.02877770011890615,-0.02896268270373452,-0.029121459108116088,-0.02925744401283529,-0.02938040225040791,-0.02950781589861347,-0.029628527172022277,-0.029733615933080482,-0.029818502285721707,-0.02988250597086264,-0.02992773264563267,-0.02995776716488352,-0.029976550151580274,-0.029987628807501457,-0.02999379895601953,-0.029997046752938968,-0.029998663661528705,-0.029999425467125085,-0.029999765309765433,-0.029999908912899893,-0.02999997676488108,-0.02999999158671301,-0.02999999703797988,-0.02999999898606106,-0.029999999662528504,-0.029999999890789626,-0.02999999996563691
-0.047880956885130097,-0.04154431968930296,-0.03708254469971344,-0.034129086559181634,-0.03228751172482051,-0.031204257185645776,-0.030602455458646212,-0.03028640833760269,-0.03012939274698833,-0.030055553561554954,-0.02942788365055153,-0.029291932176667042,-0.02916739506296978,-0.029069789150916497,-0.029012575175396828,-0.02900411836038321,-0.02904568266250627,-0.029131120660910968,-0.029248363655265012,-0.029226004499537408,-0.02934626351597615,-0.02944896101095197,-0.029536470227763005,-0.029610875111535716,-0.02967400058832063,-0.029727440447085675,-0.029773634701377998,-0.029820184303082913,-0.029864285243507253,-0.029902678618571897,-0.029933691198255067,-0.02995707445509313,-0.029973597674808797,-0.029984570556701857,-0.02999143277723246,-0.029995480279439803,-0.02999773449600944,-0.02999892105377369,-0.02999951177896028,-0.02999979009880837,-0.02999991425771779,-0.02999996672202464,-0.029999987728420233,-0.02999999703797988,-0.02999999898606106,-0.029999999662528504,-0.029999999890789626,-0.02999999996563691,-0.029999999989487113
0.006431609939886847,-0.006415637195240114,-0.015493929645886632,-0.02152274640694995,-0.025293045384227993,-0.02751684596503537,-0.028755356254234095,-0.029407262406880116,-0.029731803534572734,-0.02988470457116955,-0.02995290967873726,-0.029735892184446285,-0.029689436245806906,-0.029653027049308656,-0.029631685007070807,-0.029628530096428494,-0.029644033607190555,-0.029675902413003052,-0.02971963475490774,-0.02971437186894891,-0.029761360090448163,-0.029801024136083272,-0.029834433169974785,-0.029862512804031727,-0.0298860622795336,-0.029905769932042643,-0.029922292956370715,-0.029938272578404927,-0.029953411620120857,-0.02996659135964891,-0.02997723740787922,-0.02998526444989672,-0.029990936567338346,-0.029994703355884996,-0.029997059029987134,-0.029998448463055643,-0.029999222294145807,-0.029999629617603822,-0.029999832402696124,-0.029999927944781287,-0.029999970566251435,-0.029999988576283085,-0.029999995787392358,-0.02999999852403414,-0.029999999662528504,-0.029999999890789626,-0.02999999996563691,-0.029999999989487113,-0.029999999996872816
0.00605665411368226,-0.006658387624637052,-0.01564323109479832,-0.021609981156104782,-0.02534146557717426,-0.027542376250218808,-0.028768142530281957,-0.02941334428570895,-0.02973455046846681,-0.029885882253630855,-0.029953388669923163,-0.029981912129685203,-0.029891155094687562,-0.02987839317639123,-0.02987091254007457,-0.029869806464786142,-0.02987524000434512,-0.02988640938653283,-0.029901736782225474,-0.0299007205770949,-0.029917949885066387,-0.02993232718112984,-0.029944298760653024,-0.02995424575980718,-0.02996249284661804,-0.029969315893078975,-0.029974948724314717,-0.02998008963652889,-0.029984972779450336,-0.029989223943641515,-0.02999265785817393,-0.029995247004462426,-0.029997076562822463,-0.029998291551677856,-0.029999051381369938,-0.029999499547141154,-0.029999749148662234,-0.029999880532055833,-0.029999945940990855,-0.029999976758374763,-0.0299999905060568,-0.02999999631524611,-0.029999998641210866,-0.029999999523922818,-0.029999999841516377,-0.02999999996563691,-0.029999999989487113,-0.029999999996872816,-0.029999999999095545
0.003823080665701105,-0.00817451461327338,-0.016611956862288564,-0.02219320647656536,-0.02567256532511649,-0.027719708988118888,-0.028857775604860122,-0.029456107428017995,-0.02975380798759907,-0.0298940669196048,-0.02995667065262168,-0.029983177515481855,-0.029993797645474045,-0.029959953419228826,-0.02995748946872337,-0.029957124982558942,-0.029958914228070857,-0.029962592457898615,-0.029967640034681463,-0.029967497770075218,-0.02997342880855391,-0.02997832176590617,-0.029982349696124014,-0.029985658443952873,-0.029988370620555985,-0.02999058905251018,-0.029992399764388025,-0.029993965646407196,-0.029995445609883067,-0.02999673403577805,-0.029997774772909064,-0.02999855948104917,-0.029999113976307324,-0.029999482210288923,-0.029999712496444817,-0.029999848324741285,-0.029999923972975906,-0.029999963792131424,-0.029999983616010868,-0.029999992956020814,-0.029999997122613517,-0.02999999888323947,-0.029999999588183602,-0.029999999855712424,-0.029999999951967414,-0.02999999998480766,-0.029999999996872816,-0.029999999999095545,-0.029999999999745657
0.0016525348151016361,-0.009689020523094699,-0.01761043979974078,-0.022815715491799244,-0.026039831739536848,-0.02792486669406208,-0.0289663340534876,-0.029510541801175457,-0.0297796814193257,-0.029905727508515924,-0.02996165451921894,-0.029985173673845213,-0.029994550785632266,-0.029998096299926714,-0.029986846137243898,-0.029986733191643036,-0.02998728675865242,-0.029988424882368817,-0.029989986750472753,-0.029989977811936016,-0.029991895271521206,-0.029993459224653896,-0.029994732127260223,-0.029995765940015982,-0.02999660378780504,-0.02999728137641557,-0.029997828198365946,-0.029998281566094544,-0.02999870302289412,-0.02999906993456098,-0.029999366310628044,-0.029999589776003366,-0.02999974768247203,-0.02999985254635845,-0.029999918126132518,-0.02999995680665574,-0.029999978349392952,-0.02999998968889886,-0.029999995334247066,-0.029999997994049784,-0.029999999180591836,-0.029999999681974355,-0.029999999882724924,-0.02999999995891048,-0.029999999986321513,-0.0299999999956736,-0.029999999998699838,-0.029999999999628765,-0.029999999999930454
-0.00040940797310370924,-0.011117982575937373,-0.018546296965813634,-0.023395404968051422,-0.026379661970442433,-0.02811350991334134,-0.029065537001132388,-0.029559981051009338,-0.029803038414011707,-0.029916190889152736,-0.02996610011575143,-0.02998696537473138,-0.029995235851919953,-0.029998344818719682,-0.029999453417712228,-0.02999614280771576,-0.02999630369853229,-0.029996634576243537,-0.0299970886720672,-0.029997607109554437,-0.02999767158038034,-0.0299981412110122,-0.02999851913995479,-0.02999882262861479,-0.029999065823601456,-0.029999260291429596,-0.029999415466874003,-0.02999954018258586,-0.029999652955712067,-0.02999975113369372,-0.0299998304378082,-0.029999890232528196,-0.029999932485038832,-0.02999996054444977,-0.029999978092243366,-0.029999988442352802,-0.029999994206744526,-0.029999997240962206,-0.029999998751540836,-0.029999999463249133,-0.029999999780743292,-0.029999999914902903,-0.02999999996861961,-0.029999999989005294,-0.02999999999633992,-0.02999999999884234,-0.029999999999652104,-0.029999999999900665,-0.02999999999997305
-0.0023661284692156233,-0.012464845591973438,-0.01942256619869163,-0.023934677868962573,-0.026693791869813147,-0.028286795760895444,-0.029156100936609915,-0.029604839138656455,-0.029824102849727308,-0.029925570662024167,-0.0299700616198905,-0.02998855256204747,-0.029995839180043886,-0.02999856242476827,-0.029999527887832843,-0.029999852637257688,-0.02999899023960784,-0.02999908061253017,-0.029999204657513105,-0.029999346285345417,-0.029999369944677574,-0.029999502462246457,-0.029999607907860888,-0.029999691634691288,-0.029999757975876506,-0.029999810430704744,-0.029999851818518518,-0.029999884405587467,-0.029999912745469252,-0.02999993742956109,-0.029999957368351288,-0.029999972402053217,-0.02999998302525979,-0.029999990080010325,-0.02999999449191004,-0.02999999709415429,-0.029999998543448654,-0.02999999930631745,-0.029999999686110015,-0.029999999865049073,-0.02999999994487406,-0.029999999978604724,-0.029999999992110282,-0.02999999999723569,-0.029999999999079773,-0.02999999999970894,-0.02999999999991253,-0.029999999999975022,-0.029999999999993223
-0.004221046557010499,-0.01373301610684519,-0.02024220513284803,-0.0244358452007588,-0.026983873545172093,-0.0284458153440167,-0.029238695739647567,-0.029645500019006784,-0.029843080810558857,-0.02993397064419234,-0.029973588200106153,-0.029989957155961557,-0.02999636997711797,-0.029998752763450195,-0.029999592655668265,-0.029999873549156522,-0.029999962694190127,-0.029999764010762296,-0.029999795845711368,-0.0299998321974752,-0.029999839420927123,-0.029999874565814866,-0.029999902218455575,-0.029999923930133735,-0.02999994094130815,-0.029999954241588793,-0.029999964618645136,-0.029999972697978165,-0.02999997938698439,-0.029999985218354532,-0.029999989928695445,-0.029999993480258367,-0.029999995989885654,-0.029999997656500608,-0.029999998698768245,-0.0299999993135227,-0.029999999655904153,-0.02999999983612436,-0.029999999925846593,-0.029999999968119178,-0.02999999998697704,-0.029999999994945577,-0.029999999998136132,-0.02999999999934696,-0.029999999999782603,-0.029999999999931238,-0.029999999999979335,-0.029999999999994097,-0.0299999999999984
-0.0059776073098236175,-0.01492585402073028,-0.02100808772842474,-0.024901125980016328,-0.027251477198621022,-0.028591596214182915,-0.02931394696361371,-0.029682319408857655,-0.02986016179103687,-0.02994148560914348,-0.029976724431146972,-0.02999119889615291,-0.029996836481244255,-0.02999891907656413,-0.029999648924222227,-0.029999891615051778,-0.029999968197556185,-0.029999991132628485,-0.029999950763380103,-0.0299999595290007,-0.029999961453322312,-0.02999997021508098,-0.02999997703226392,-0.029999982325238303,-0.029999986426133853,-0.029999989596751802,-0.02999999204298103,-0.029999993926369168,-0.029999995424427692,-0.0299999967188448,-0.029999997764422248,-0.029999998552780283,-0.029999999109854784,-0.029999999479801656,-0.029999999711159037,-0.029999999847619176,-0.029999999923619312,-0.029999999963623698,-0.029999999983539794,-0.029999999992923253,-0.029999999997109228,-0.029999999998878042,-0.029999999999586267,-0.02999999999985504,-0.029999999999951742,-0.029999999999984737,-0.029999999999995412,-0.02999999999999869,-0.029999999999999645
-0.00763926791719827,-0.016046665006978867,-0.02172300136308547,-0.025332647537441202,-0.0274980931086004,-0.028725104831744248,-0.029382438065029153,-0.029715626482839,-0.029875519835658764,-0.0299482019788514,-0.02997951067878131,-0.02999229553909001,-0.029997246055240345,-0.029999064243689855,-0.029999697755930855,-0.02999990720461653,-0.029999972920518658,-0.029999992489982766,-0.02999999802120126,-0.029999990829428523,-0.02999999283777903,-0.029999993338715482,-0.029999994918805263,-0.029999996132019195,-0.029999997061569774,-0.029999997772280483,-0.029999998314530985,-0.029999998727385114,-0.029999999045668392,-0.029999999315645762,-0.029999999533722843,-0.02999999969815156,-0.029999999814341264,-0.02999999989150155,-0.029999999939756057,-0.029999999968217728,-0.029999999984069176,-0.029999999992412946,-0.029999999996566874,-0.029999999998523992,-0.029999999999397068,-0.02999999999976599,-0.030000000000027317,-0.030000000000013655,-0.03000000000000677,-0.03000000000000333,-0.030000000000001626,-0.030000000000000786,-0.030000000000000377
-0.009209485594288185,-0.017098693745692155,-0.02238964451197501,-0.025732446164383336,-0.027725133755274307,-0.028847249044725274,-0.029444712583030823,-0.029745725501517245,-0.029889314617986946,-0.029954198471769698,-0.029981983456495713,-0.02999326303930627,-0.029997605272060593,-0.029999190819596785,-0.02999974008789181,-0.029999920642180402,-0.029999976968891597,-0.02999999364728152,-0.030000014746730735,-0.03000000979347748,-0.030000006473959034,-0.030000004259845968,-0.030000002790024485,-0.030000001818911947,-0.03000000118033249,-0.030000000762404857,-0.030000000490179583,-0.030000000313698743,-0.03000000019982882,-0.030000000126704222,-0.030000000079967132,-0.03000000005023649,-0.03000000003141336,-0.030000000019552248,-0.0300000000121134,-0.030000000007470034,-0.030000000004585282,-0.03000000000280154,-0.030000000001703782,-0.030000000000991064,-0.03000000000056938,-0.030000000000310802,-0.03000000000016144,-0.030000000000082305,-0.03000000000004164,-0.030000000000020906,-0.030000000000010414,-0.030000000000005148,-0.030000000000002525
