data/gulf-currents.json
{"header": {"parameterCategory":2,"parameterNumber":3,"lo1":-98,"la1":30.936943,"dx":0.0799999111111111,"dy":0.07257228813559322,"nx":271,"ny":178,"refTime":"2014-08-30T00:00:00Z","forecastTime":0,"source":"hycom_gom310D via https://coastwatch.pfeg.noaa.gov/erddap"}, "data":
[rows 26 to 51 of 178, columns 57 to 113 of 271]
-0.03289772,-0.049158312,-0.057132795,-0.06596394,-0.049015723,-0.07585931,-0.061948728,-0.05045021,-0.09080467,-0.09500381,-0.083845,-0.08505045,-0.102240846,-0.13990456,-0.07404057,-0.063710906,-0.031212067,-0.034371324,-0.027425062,-0.04173455,-0.035466418,-0.050026044,-0.04562413,-0.054489803,-0.02153498,-0.024823066,-0.020703541,-0.019146305,-0.019887784,-0.0053906776,-0.006697441,-0.0009913095,null,null,null,0.03524492,0.023386303,0.026648268,0.0074020857,0.013801303,null,null,0.11116039,0.061233602,-0.06687845,-0.1646649,-0.12639813,-0.12714125,-0.08268195,-0.037024617,0.01620951,null,null,null,null,null,0.08330923
-0.047111757,-0.05465079,-0.043480795,-0.047690503,-0.041591033,-0.068461135,-0.03653918,-0.09361833,-0.13860182,-0.056361236,-0.10075939,-0.061518528,-0.07792069,-0.117073424,-0.12219452,-0.11671507,-0.1315237,-0.08625402,-0.08081556,-0.08683404,-0.09765151,-0.07405917,-0.066153936,-0.034237944,-0.03971153,-0.034571253,-0.041268453,-0.038747072,-0.039984263,-0.037721064,-0.032084536,-0.019699404,null,null,null,0.03895752,0.012779799,null,-0.025122281,null,0.034698818,0.07500064,0.0072425883,-0.14235504,-0.23936996,-0.23379603,-0.21079996,-0.22895417,-0.14241597,-0.019931205,0.107515894,0.007011122,null,null,null,0.1387259,-0.4466565
-0.075973466,-0.054814786,0.020487655,-0.021304227,-0.05870887,-0.10791297,0.031240948,-0.11944151,-0.11395607,-0.02431956,-0.15670884,0.014165791,-0.116697356,-0.13767062,-0.05072367,-0.10842647,-0.13437241,-0.13696454,-0.12701893,-0.12670523,-0.143904,-0.10221903,-0.079083614,-0.033571757,-0.04129503,-0.05547288,-0.060318097,-0.052348047,-0.043545127,-0.012397714,0.0049877097,-0.003872409,0.02722923,0.032970496,0.03884404,0.03603328,0.024285339,0.011495269,0.0075546624,0.02767326,0.0159335,-0.054433145,-0.16987278,-0.30333838,-0.30330878,-0.2493205,-0.22115701,-0.08196352,-0.04142192,0.019979551,0.16667819,null,-0.11214991,-0.040536948,-0.03519546,-0.39736345,-0.44336817
-0.09251024,-0.03663678,0.057297044,-0.03018184,-0.10719465,-0.14250362,0.107319474,-0.12269765,-0.14127614,-0.04693003,-0.18182495,0.0006485712,-0.20787013,-0.0137577355,0.025216488,-0.10907398,-0.15236072,-0.12613109,-0.06926767,-0.12941077,-0.12505603,-0.12218811,-0.116953224,-0.12846807,-0.09838782,-0.08561196,-0.06863673,-0.052120417,-0.027027614,-0.017633589,-0.021892902,-0.008651266,0.0016115531,0.0073743593,-0.007296758,0.0029121917,0.006997128,-0.029922571,-0.060948193,-0.08460291,-0.11870139,-0.1970475,-0.29838142,-0.3660435,-0.23512855,-0.09461819,-0.084189974,-0.09334256,0.15469614,-0.05092457,0.13958833,0.041869503,-0.24845819,-0.36386305,-0.50487584,-0.40024376,-0.5234853
-0.106971905,-0.08153425,0.09882137,-0.037708502,-0.17028946,-0.14163038,0.10002561,-0.1186198,-0.16891792,-0.098769635,-0.14191023,-0.060614515,-0.26497406,0.090415776,-0.023502875,-0.15918273,-0.17835167,-0.078175455,-0.013614094,-0.14957964,-0.10731992,-0.11958313,-0.13321358,-0.12954798,-0.11541716,-0.103417,-0.09695235,-0.0567395,-0.04769789,-0.03518326,-0.012782478,0.0065440116,0.013847616,0.037114665,0.014220215,-0.015142588,-0.071696475,-0.10680499,-0.13166575,-0.16745216,-0.23722689,-0.27282566,-0.31392545,-0.3472606,-0.23093109,-0.22204106,-0.15154953,-0.13728482,-0.08436547,-0.11937425,-0.3384596,-0.39727187,-0.4497962,-0.46454144,-0.35103026,-0.41982505,-0.45881954
-0.07300209,-0.10552116,0.12366719,-0.0822359,-0.19340895,0.044684157,0.006470967,-0.1502103,-0.16555211,-0.12356566,-0.05476554,-0.1659916,-0.2835729,0.020911327,-0.13100204,-0.21330704,-0.17845097,-0.072196215,-0.023664866,-0.1685079,-0.09311359,-0.08626163,-0.1728515,-0.12388491,-0.108256266,-0.10938915,-0.09902713,-0.081234425,-0.056403622,-0.041774593,-0.036013193,-0.02018607,-0.05027491,-0.070278525,-0.066599816,-0.056147262,-0.07821602,-0.09798834,-0.12327267,-0.18886551,-0.27568734,-0.29650027,-0.23198843,-0.33855015,-0.25806653,-0.27039665,-0.21130347,-0.13826346,-0.0750473,-0.037631467,-0.13256931,-0.28249535,-0.19829792,-0.24052168,-0.2591443,-0.3377028,-0.41475546
-0.036906455,-0.13173972,0.09085089,-0.103526846,-0.21313104,0.07431644,-0.08476559,-0.13148288,-0.15996544,-0.094018996,-0.055904463,-0.24404807,-0.22113186,-0.07524809,-0.0848243,-0.06405295,-0.082669795,-0.0031446312,0.031147284,-0.16103557,-0.08856727,-0.09646625,-0.18349954,-0.06796784,-0.10103071,-0.086133376,-0.081557915,-0.12081529,-0.11745326,-0.07419224,-0.05263959,-0.07351576,-0.09861155,-0.084839284,-0.07823756,-0.045056377,-0.07568327,-0.11829078,-0.1355171,-0.19160268,-0.2567463,-0.23261182,-0.29943624,-0.33590466,-0.3072801,-0.28138873,-0.24089421,-0.1370979,-0.08998071,-0.119919956,-0.12561244,-0.2097792,-0.22100833,-0.2518537,-0.23896682,-0.2359983,-0.26408052
-0.08652014,-0.157904,0.029011546,-0.09747567,-0.21128592,0.05290413,-0.12969565,-0.12756217,-0.078892276,0.036323298,-0.014728495,-0.25541213,-0.21280631,-0.12915836,-0.032429308,-0.011446552,-0.010769157,0.07991952,0.08091991,-0.17710613,-0.027135083,-0.079297096,-0.14357662,-0.09013721,-0.115768924,-0.090057045,-0.1032881,-0.13151795,-0.11345641,-0.10785653,-0.114756085,-0.12948212,-0.0969798,-0.09053522,-0.07753672,-0.070224285,-0.12563017,-0.19651166,-0.24180326,-0.24811111,-0.3048937,-0.3572581,-0.28466502,-0.29055518,-0.1950722,-0.20493782,-0.16985828,-0.081258066,-0.06418315,-0.11854694,-0.15249789,-0.17004438,-0.18161252,-0.18462269,-0.16979998,-0.16706759,-0.16857143
-0.09409518,-0.056145996,0.0052901916,-0.02958271,-0.06632167,0.0019742167,-0.16494186,-0.17803036,-0.022675408,-0.022499694,-0.09817605,-0.22477014,-0.1684539,-0.123031095,-0.09685852,-0.08052084,-0.027964927,-0.05770112,0.016696589,-0.16869387,0.10663214,0.08781485,-0.11287408,-0.09308642,-0.10095104,-0.14996275,-0.13224982,-0.1572088,-0.16509238,-0.17135233,-0.17802745,-0.1501236,-0.11306741,-0.15357056,-0.1756716,-0.21356124,-0.27189457,-0.30289093,-0.29647094,-0.291565,-0.3263858,-0.21620952,-0.26090398,-0.20774995,-0.27194268,-0.17714515,-0.049320012,-0.0068714395,-0.027014757,-0.07545001,-0.11700113,-0.116571024,-0.124468446,-0.13243583,-0.13804239,-0.16342902,-0.19228339
-0.0050919126,-0.026720839,-0.03975162,-0.058914874,-0.03394909,-0.07951896,-0.04185607,-0.109656304,-0.017365195,-0.25146148,-0.2826637,-0.23981363,-0.16447228,-0.13314134,-0.10390926,-0.06145728,-0.069187164,-0.20382592,-0.07970187,-0.1571396,0.03186039,-0.08978374,-0.24234475,-0.14685537,-0.15455055,-0.15246901,-0.09238245,-0.11300827,-0.18704209,-0.18718454,-0.20523635,-0.22241464,-0.26664358,-0.31906405,-0.33480328,-0.29937834,-0.2786037,-0.24946445,-0.20858702,-0.27607393,-0.20229994,-0.28328955,-0.20649117,-0.21877135,-0.16339254,-0.009881008,0.0705736,0.086587265,0.047516394,-0.029063191,-0.076610975,-0.10925269,-0.09724367,-0.10827086,-0.13929966,-0.15909404,-0.14932947
-0.09061332,-0.12079851,-0.12825137,-0.12355688,-0.12388605,-0.13623673,-0.14291966,-0.17949232,-0.15766384,-0.23478732,-0.15637538,-0.09143624,-0.07363337,-0.036968283,-0.019331269,0.00305231,-0.12409608,-0.026572576,0.01817511,0.050680682,-0.055121507,-0.22107136,-0.20756474,-0.039891466,-0.0991976,-0.08278923,0.014449373,-0.048581533,-0.12862952,-0.16874635,-0.13546947,-0.16591552,-0.22271529,-0.22739409,-0.24245298,-0.19178215,-0.16178209,-0.15510586,-0.20974469,-0.24059579,-0.13277039,-0.17954527,-0.21562277,-0.18058172,-0.046183944,0.064803645,0.13862899,0.16789949,0.11589062,0.025463168,-0.036469083,-0.08701095,-0.096042395,-0.094653234,-0.11952134,-0.114678405,-0.08595244
-0.09751317,-0.11627674,-0.14051156,-0.19109535,-0.21095967,-0.23671803,-0.27278993,-0.23540296,-0.17313059,-0.14159212,-0.053107534,-0.008191447,-0.0053499863,0.01195761,0.007043449,-0.03997888,-0.06187108,-0.01231168,-0.006507789,-0.040473975,0.008199122,-0.10250188,0.019481383,0.073457584,0.07300013,0.07724474,0.10498352,0.015215108,0.015032379,-0.18844849,-0.17059538,-0.23581791,-0.26578662,-0.2621099,-0.24560589,-0.16026148,-0.15124327,-0.2112971,-0.12648875,-0.16094816,-0.07037152,-0.10816015,-0.13721834,-0.051608033,0.069616914,0.12245199,0.12980664,0.13476795,0.0979976,0.038510814,0.0033003297,-0.04262179,-0.05534202,-0.0648379,-0.056395415,-0.058281377,-0.034875892
-0.04729597,-0.046746958,-0.11688359,-0.15790346,-0.21711263,-0.23182224,-0.27704132,-0.22558577,-0.12898597,-0.08897343,-0.06746717,-0.06019383,-0.08572066,-0.077564135,0.015488602,-0.044107158,-0.13041042,-0.08423859,-0.08236955,-0.1320421,-0.11466694,-0.06424814,-0.04276752,0.030099105,0.025771247,0.039079577,0.102387995,0.10093166,0.10785034,0.024316074,0.06753628,-0.000263758,-0.031925388,-0.013318211,-0.001975339,-0.022563625,0.059092026,0.056470733,0.09460294,-0.010254142,-0.03464698,-0.044389106,-0.011483056,0.03458845,0.1122998,0.1445857,0.114982784,0.093749665,0.076475054,0.049744494,0.0411409,0.020533364,0.00934976,0.004063176,0.0078059705,0.020103015,0.03952522
-0.050605945,0.025457125,-0.0069404915,-0.00023743068,-0.1472156,-0.17408973,-0.22565213,-0.19902685,-0.09571691,-0.08979749,-0.074584275,-0.05592963,-0.068543285,-0.07398799,-0.077789545,-0.044442095,-0.107307956,-0.14441663,-0.14463796,-0.13351539,-0.08950485,-0.058036245,-0.038298234,0.0059364913,0.0052735526,-0.00018195249,0.011055409,0.018407773,0.034826085,0.05775661,0.05988969,0.05432888,0.050365046,0.0473082,0.034931943,0.025086522,0.040934242,0.046658657,0.043000996,0.08733322,0.078296535,0.0705712,0.10483511,0.12899032,0.14058447,0.12631974,0.11875931,0.10627902,0.10076927,0.119776994,0.10964717,0.096121415,0.07524974,0.06904907,0.06837995,0.07085243,0.08944963
-0.019108696,0.05407423,-0.014304166,-0.014403362,-0.10011989,-0.19452924,-0.2265284,-0.181639,-0.11643801,-0.08192946,-0.04243727,-0.04985999,-0.06044545,-0.096366316,-0.13860162,-0.10449049,-0.10027936,-0.1053554,-0.10251805,-0.0869848,-0.052530885,-0.02397393,-0.0011076141,0.012118572,0.01300381,0.004007999,-0.00019756425,-0.0073277345,-0.007484272,-0.0021131742,0.007518504,0.013938488,0.017805751,0.031680837,0.037317827,0.044205915,0.057208113,0.0711797,0.082232,0.08991626,0.09435201,0.09670417,0.10825574,0.1364282,0.16614649,0.17700754,0.18823683,0.19112028,0.1849829,0.18689232,0.17056786,0.1484414,0.11902552,0.08793016,0.075712636,0.07742196,0.06891948
-0.016039833,0.048563384,0.029887285,-0.016022969,-0.07575584,-0.15564953,-0.1851604,-0.116460845,-0.042795528,0.00012191385,0.029576015,0.007328443,-0.01794048,-0.048792742,-0.07127567,-0.10273826,-0.11503254,-0.107995115,-0.098612025,-0.08200239,-0.0549658,-0.03764834,-0.022988388,-0.008992588,-0.00604381,-0.023618046,-0.023918742,-0.024911834,-0.026073184,-0.038974237,-0.027812466,-0.02310259,-0.022327982,0.005127214,0.0216027,0.044384718,0.06986622,0.091462694,0.107326,0.11490298,0.12303135,0.13376418,0.16998592,0.18711567,0.19927877,0.20748632,0.22375813,0.23126751,0.21924534,0.18952753,0.15842503,0.13869569,0.10356501,0.06066764,0.033129208,0.010501441,-0.0061271843
0.020248175,0.04400762,0.030934073,0.010149588,-0.031969737,-0.08928142,-0.096715994,-0.038723826,-0.019551584,0.056279756,0.07866602,0.049168527,0.018061217,-0.03189223,-0.062326062,-0.07523175,-0.093035564,-0.10313724,-0.10276141,-0.09397423,-0.07646539,-0.070712104,-0.0611357,-0.050849184,-0.053971123,-0.0534224,-0.048225556,-0.029408142,-0.018528335,-0.016689532,-0.007595051,0.0019796994,0.019207075,0.04808689,0.08186686,0.12226784,0.14618498,0.15549982,0.16669184,0.19213751,0.2050839,0.21021733,0.22263779,0.22453867,0.22635505,0.22145957,0.21527776,0.20684353,0.19282931,0.16104934,0.11864718,0.062895134,0.008284502,-0.04182207,-0.08970901,-0.13075131,-0.1610922
-0.02248821,-0.013884763,-0.00524839,-0.015182331,-0.025561674,-0.028247235,-0.04379554,-0.028559025,-0.0016970392,0.08904335,0.10298781,0.064764515,0.03129131,-0.017428216,-0.05076845,-0.07662022,-0.09335298,-0.104358315,-0.11031358,-0.10487093,-0.09232275,-0.08585903,-0.07341491,-0.06676874,-0.052419834,-0.037692063,-0.015176307,0.003603232,0.01725239,0.026874313,0.03492564,0.04919281,0.07935356,0.1199605,0.15795314,0.17975524,0.19210818,0.21695876,0.2174089,0.22964083,0.22928151,0.24273583,0.24724853,0.25176382,0.23894882,0.22377586,0.2003528,0.17380983,0.13635778,0.0909891,0.040265784,-0.0059889164,-0.055539906,-0.107584916,-0.15933129,-0.20535153,-0.25144422
-0.06436559,-0.022874884,-0.01611976,-0.012972035,-0.03145472,-0.05674091,-0.039589353,-0.028325379,0.012208271,0.07097133,0.08168944,0.047180116,0.030334102,-0.0015359409,-0.029598575,-0.05534417,-0.068653524,-0.078687906,-0.090951644,-0.0948395,-0.09705851,-0.093388215,-0.08211112,-0.05945546,-0.033144254,-0.011236364,0.014685499,0.04134869,0.0700954,0.08097109,0.080735564,0.08898384,0.11865628,0.1559876,0.18328646,0.20822378,0.2222156,0.21087784,0.22150591,0.24741809,0.27402455,0.29206818,0.30277294,0.30040097,0.2955724,0.2755456,0.24792923,0.20954448,0.1493206,0.090658545,0.031804062,-0.035621412,-0.09617408,-0.15506497,-0.20276873,-0.25726885,-0.2887001
-0.13662273,-0.10027267,-0.06885615,-0.04800729,-0.055670038,-0.07907217,-0.100119665,-0.09425407,-0.065008745,-0.016391816,0.018965278,0.005030172,0.01218514,0.013820443,0.009650875,0.0007415414,-0.012601502,-0.029452112,-0.048081838,-0.061903365,-0.07041888,-0.07694803,-0.067994885,-0.042651452,-0.014117099,0.023986192,0.05726372,0.08018982,0.09709197,0.10300557,0.10341577,0.12048302,0.147538,0.18261367,0.19497475,0.19296157,0.2190104,0.24263063,0.3082577,0.3568548,0.38582182,0.37021863,0.3631526,0.34401244,0.3226518,0.2829115,0.25207782,0.17985588,0.11573974,0.070610195,0.0138788745,-0.050364997,-0.12535188,-0.19689888,-0.2617929,-0.30129582,-0.3401005
-0.18102923,-0.17418927,-0.16348404,-0.14902802,-0.14832339,-0.16108856,-0.17544322,-0.16958475,-0.1498017,-0.11955164,-0.06526634,-0.030964533,-0.01178316,0.010746717,0.040520124,0.06600829,0.056933567,0.038373105,0.017367553,0.003065629,-0.010684059,-0.035514403,-0.03254333,-0.0116221495,0.024189249,0.07272667,0.10315759,0.11019796,0.09675102,0.090455726,0.09306653,0.11951268,0.13277698,0.14859346,0.15788954,0.19901994,0.26087028,0.3420957,0.3802299,0.3726684,0.38736767,0.4150406,0.42380166,0.40044117,0.35864237,0.2854715,0.20938437,0.14822137,0.10013965,0.0662895,0.011212632,-0.0690728,-0.11859058,-0.19014923,-0.25760645,-0.30243805,-0.33726233
-0.15487307,-0.15780312,-0.17263317,-0.17931485,-0.18717201,-0.19637388,-0.20995963,-0.20800117,-0.18373571,-0.15630585,-0.09668928,-0.031238912,-0.0037582107,0.021854445,0.06723803,0.107064284,0.086492985,0.05875177,0.038047835,0.022870418,0.009630025,-0.003388038,-0.003122164,0.011049549,0.038094774,0.07609601,0.09324998,0.07821955,0.06717961,0.069644034,0.08145045,0.0875712,0.096034035,0.12749846,0.21446502,0.30648816,0.35493508,0.34301013,0.37509596,0.47032744,0.52359223,0.5090251,0.47376645,0.42538035,0.35671806,0.2899812,0.24158908,0.2155576,0.20198682,0.1549715,0.08624077,0.014267029,-0.060550995,-0.13841191,-0.20219842,-0.25852436,-0.30042043
-0.18052632,-0.14269862,-0.14899981,-0.1668998,-0.16441153,-0.17181739,-0.18183243,-0.18910983,-0.1658328,-0.13068587,-0.080719665,-0.012624361,0.028429575,0.05528424,0.073225796,0.0912937,0.08601208,0.078377284,0.055765383,0.017818969,-0.0042218994,-0.01771266,-0.016407868,-0.007846354,0.013775388,0.030766107,0.02734378,0.013671241,0.027012369,0.03730289,0.03890746,0.03577258,0.106228046,0.24687946,0.294985,0.28518397,0.26691526,0.4012723,0.5234722,0.5551617,0.5732447,0.56802905,0.54479426,0.5045992,0.4310468,0.39893994,0.3742902,0.36260533,0.2936433,0.17200993,0.09375462,0.04114101,-0.02870073,-0.09398497,-0.16672912,-0.2344217,-0.28257188
-0.2363581,-0.221971,-0.21741688,-0.21202846,-0.17746171,-0.18449497,-0.1645481,-0.15199032,-0.1275768,-0.10014536,-0.0560318,-0.0112586655,0.026663005,0.059030388,0.07985945,0.09040262,0.08722234,0.08189449,0.05720446,0.02004661,-0.011143117,-0.027607081,-0.03434895,-0.031176828,-0.011242058,-0.0076745376,-0.013043968,-0.008874439,0.006923139,0.00011727959,0.03551019,0.14658538,0.2563468,0.22748165,0.17194417,0.20529881,0.37682444,0.4787036,0.534595,0.59267366,0.5955641,0.57902306,0.5441561,0.50780404,0.4830794,0.4736422,0.42492905,0.3658469,0.28487504,0.20139748,0.136227,0.09749224,0.036527835,-0.04337593,-0.12756497,-0.20127994,-0.23659381
-0.25137872,-0.25972766,-0.25739157,-0.24475461,-0.22665764,-0.21889251,-0.19130808,-0.16767746,-0.1453089,-0.12329093,-0.09088686,-0.0505948,-0.016918842,0.009190608,0.05031482,0.07081659,0.0844505,0.07487607,0.038818207,0.01252496,-0.012131386,-0.03153371,-0.033850946,-0.018472658,-0.03342665,-0.03805485,-0.042767413,-0.048594292,-0.01734306,0.057234436,0.18797319,0.21866778,0.14696434,0.08337518,0.1105064,0.27937788,0.36362517,0.4709906,0.5741336,0.62508905,0.6236758,0.5742508,0.56300175,0.5558114,0.56762195,0.5254088,0.46483988,0.4054413,0.34573117,0.25231022,0.170699,0.10218473,0.028184533,-0.042195775,-0.09468042,-0.11043382,-0.12209266
-0.24102107,-0.23883149,-0.22123483,-0.2088267,-0.19684558,-0.1866438,-0.17812525,-0.16910475,-0.15055197,-0.12599206,-0.09412564,-0.050958265,-0.015198855,0.0041982047,0.02125201,0.05182027,0.07072428,0.05376003,0.014159177,-0.015468126,-0.041955624,-0.051311076,-0.04573018,-0.061995775,-0.06160309,-0.088898316,-0.09696831,-0.03610955,0.10128157,0.19947892,0.17157406,0.06438649,-0.013500636,-0.010309644,0.13725504,0.22202387,0.36262375,0.5294858,0.63174486,0.6600021,0.62652755,0.6249778,0.6582501,0.6900886,0.7134553,0.65717185,0.56379557,0.46506035,0.3971638,0.31024212,0.21782175,0.1431784,0.07592599,0.035414375,0.030663956,0.003901014,-0.0426481
