data/gulf-currents.json
{"header": {"parameterCategory":2,"parameterNumber":3,"lo1":-98.96002197265625,"la1":41.84000015258789,"dx":0.2400002872242647,"dy":0.2400000010821836,"nx":171,"ny":142,"refTime":"2014-04-08T00:00:00Z","forecastTime":0,"source":"nrlHycomGLBu008e910D via https://coastwatch.pfeg.noaa.gov/erddap"}, "data":
[rows 68 to 101 of 142, columns 0 to 76 of 171]
null,null,null,null,null,null,null,null,-0.228,0.066,0.047,-0.102,0.069,0.175,0.229,0.256,0.299,0.242,0.131,0.058,-0.029,-0.142,-0.446,-0.719,-0.367,0.122,0.26,0.05,0.061,-0.021,-0.166,-0.17,0.032,0.081,0.029,-0.071,0.234,0.092,-0.053,-0.091,-0.042,-0.004,-0.147,-0.299,0.161,0.753,1.615,1.462,0.885,0.767,0.633,0.722,0.601,0.333,-0.12,-0.718,-1.375,-1.836,-1.681,-0.224,0.275,0.546,0.318,-0.061,0.158,0.123,0.114,0.129,0.134,0.21,0.268,0.264,0.146,0.098,null,null,null
null,null,null,null,null,null,null,-0.172,-0.103,0.042,0.039,0.105,0.12,0.207,0.23,0.378,0.462,0.306,0.164,-0.018,-0.148,-0.241,-0.54,-0.732,-0.157,0.231,0.146,-0.059,0.028,0.018,-0.012,0.051,0.078,0.118,0.113,-0.071,0.089,0.028,-0.009,0.023,0.077,0.015,-0.099,-0.238,0.062,0.571,1.487,1.531,0.924,0.779,0.498,0.675,0.659,0.34,-0.18,-0.643,-1.357,-1.857,-1.503,-0.05,0.326,0.614,0.418,-0.017,0.234,0.122,0.122,0.129,0.151,0.171,0.202,0.191,0.16,0.142,null,null,null
null,null,null,null,null,null,-0.043,-0.222,-0.019,-0.009,0.066,0.066,0.135,0.178,0.212,0.514,0.582,0.361,0.106,-0.08,-0.297,-0.389,-0.64,-0.669,-0.08,0.222,0.019,-0.02,-0.025,0.051,0.173,0.247,0.149,0.107,0.098,-0.063,-0.003,0.037,0.111,0.183,0.125,-0.032,-0.163,-0.184,-0.088,0.232,1.135,1.594,1.069,0.717,0.611,0.385,0.604,0.407,-0.136,-0.656,-1.301,-1.875,-1.201,0.006,0.274,0.606,0.422,0.201,0.191,0.134,0.145,0.119,0.159,0.179,0.148,0.135,0.116,0.104,null,null,null
null,null,null,null,null,null,-0.234,-0.141,0.067,-0.038,0.146,0.102,0.138,0.083,0.181,0.544,0.704,0.435,0.041,-0.197,-0.428,-0.53,-0.713,-0.59,0.055,0.076,0.019,0.063,0.009,0.068,0.249,0.344,0.187,0.103,0.008,-0.039,0.061,0.169,0.244,0.173,0.071,-0.036,-0.148,-0.225,-0.173,-0.025,0.674,1.57,1.363,0.761,0.629,0.584,0.179,0.529,0.012,-0.689,-1.302,-1.888,-0.987,-0.068,0.162,0.438,0.383,0.341,0.24,0.245,0.152,0.08,0.208,0.142,0.113,0.072,0.031,null,null,null,0.006
null,null,null,null,null,null,-0.278,0.068,0.123,0.042,0.059,0.048,0.077,0.007,0.15,0.509,0.769,0.525,0.182,-0.322,-0.451,-0.613,-0.737,-0.489,0.006,0.029,0.094,0.182,0.112,0.168,0.341,0.35,0.15,0.061,-0.088,-0.038,0.145,0.233,0.248,0.138,0.089,-0.026,-0.105,-0.205,-0.155,-0.038,0.197,1.282,1.608,0.983,0.782,0.767,0.372,0.028,0.188,-0.578,-1.263,-1.75,-0.91,-0.232,0.016,0.111,0.079,0.214,0.301,0.292,0.288,0.103,0.252,null,null,null,null,-0.01,-0.034,0.01,0.064
null,null,null,null,null,null,-0.281,0.104,0.023,0.04,0.017,-0.002,0.035,0.028,0.146,0.472,0.735,0.529,0.19,-0.369,-0.391,-0.624,-0.673,-0.355,-0.084,0.035,0.128,0.236,0.309,0.407,0.432,0.295,0.083,0.017,-0.186,-0.002,0.237,0.282,0.235,0.192,0.127,0.009,-0.096,-0.18,-0.088,0.088,0.164,0.838,1.598,1.239,0.893,0.884,0.507,-0.017,0.103,-0.3,-1.019,-1.439,-0.987,-0.541,-0.22,-0.18,-0.132,0.131,0.204,0.209,0.098,0.048,0.028,0.014,0.048,0.009,-0.042,-0.11,-0.165,-0.106,0.028
null,null,null,null,null,null,-0.333,0.02,0.145,0.064,-0.033,-0.03,0.036,0.092,0.235,0.516,0.643,0.429,0.131,-0.248,-0.322,-0.482,-0.553,-0.261,-0.018,0.1,0.231,0.352,0.45,0.472,0.316,0.173,0.083,0.025,-0.128,0.123,0.223,0.186,0.2,0.151,0.052,-0.057,-0.146,-0.113,0.067,0.164,0.29,0.581,1.322,1.37,0.981,0.832,0.731,0.188,-0.191,-0.232,-0.664,-0.965,-0.905,-0.686,-0.47,-0.301,-0.223,-0.009,0.125,0.081,0.116,0.15,0.19,0.271,0.335,0.301,0.196,0.104,0.074,0.065,0.275
null,null,null,null,null,null,-0.49,0.191,0.267,0.17,0.072,0.04,0.121,0.23,0.38,0.539,0.567,0.275,-0.083,-0.167,-0.277,-0.338,-0.363,-0.208,0.029,0.165,0.319,0.393,0.403,0.307,0.204,0.184,0.165,0.073,0.038,0.1,0.12,0.052,0.042,0.01,-0.045,-0.077,-0.02,0.095,0.192,0.24,0.28,0.319,0.661,1.423,1.127,0.888,0.897,0.374,-0.034,-0.389,-0.43,-0.583,-0.729,-0.829,-0.741,-0.251,-0.029,0.109,0.243,0.29,0.332,0.49,0.612,0.472,0.346,0.223,0.162,0.177,0.125,0.145,0.153
null,null,null,null,null,null,-0.516,0.345,0.248,0.152,0.115,0.153,0.21,0.282,0.436,0.528,0.403,0.05,-0.28,-0.044,-0.125,-0.159,-0.183,-0.08,0.116,0.245,0.232,0.258,0.258,0.185,0.178,0.171,0.177,0.114,0.062,0.043,0.023,-0.056,-0.075,-0.027,-0.005,0.04,0.146,0.12,0.152,0.147,0.14,0.271,0.282,1.188,1.294,1.077,0.79,0.533,0.19,-0.155,-0.385,-0.469,-0.591,-0.972,-0.838,-0.224,0.146,0.195,0.461,0.715,0.73,0.681,0.511,0.296,0.128,-0.062,0.165,0.295,0.222,0.155,0.021
null,null,null,null,null,null,-0.59,0.273,0.179,0.171,0.238,0.317,0.312,0.291,0.321,0.301,0.155,-0.175,-0.307,-0.114,0.024,0.058,0.097,0.122,0.118,0.097,0.098,0.147,0.149,0.154,0.179,0.179,0.143,0.092,0.022,-0.019,-0.01,-0.072,-0.107,-0.04,0.062,0.107,0.163,0.081,0.165,0.171,0.151,0.167,0.171,0.782,1.318,1.234,0.801,0.619,0.384,0.145,-0.128,-0.386,-0.563,-0.836,-0.819,-0.28,0.209,0.513,0.892,0.996,0.781,0.401,0.152,0.047,-0.036,-0.023,0.172,0.205,0.215,0.06,0.027
null,null,null,null,null,null,-0.523,0.18,0.126,0.276,0.511,0.432,0.24,0.099,-0.016,0.028,-0.062,-0.25,-0.226,-0.019,0.056,0.095,0.13,0.151,0.142,0.058,-0.007,0.029,0.067,0.066,0.166,0.235,0.204,0.095,0.014,0.02,0.029,-0.034,-0.083,0.044,0.112,0.121,0.115,0.076,0.126,0.126,0.114,0.168,0.118,0.422,1.046,1.218,1.086,0.654,0.505,0.347,0.058,-0.21,-0.333,-0.477,-0.719,-0.17,0.592,1.228,1.189,0.612,0.314,0.161,0.022,null,null,null,null,0.088,null,null,null
null,null,null,null,null,null,-0.471,0.078,0.085,0.388,0.599,0.363,0.147,-0.019,-0.078,-0.065,-0.172,-0.224,-0.139,-0.108,-0.05,0.112,0.196,0.227,0.138,0.043,-0.076,-0.011,0.054,0.092,0.157,0.238,0.224,0.161,0.086,0.079,0.064,0.013,0.117,0.049,0.054,0.092,0.098,0.081,0.118,0.112,0.087,0.213,0.088,0.154,0.598,1.149,1.268,0.955,0.502,0.344,0.265,0.001,-0.093,-0.165,-0.326,0.343,1.311,1.028,0.152,null,null,null,null,null,null,null,null,null,null,null,null
null,null,null,null,null,-0.127,-0.433,-0.014,0.061,0.346,0.425,0.289,0.149,0.045,0.058,-0.065,-0.205,-0.195,-0.202,-0.166,0.004,0.281,0.268,0.271,0.092,0.057,0.015,0.005,0.072,0.113,0.109,0.2,0.2,0.147,0.117,0.109,0.104,0.119,0.22,0.056,0.061,0.096,0.092,0.095,0.152,0.057,0.072,0.202,0.139,0.179,0.234,0.875,1.25,1.264,0.753,0.303,0.153,0.155,0.036,-0.034,0.172,0.936,0.322,null,null,null,null,null,null,0.024,0.044,null,null,null,null,null,null
null,null,null,null,null,-0.142,-0.561,-0.111,-0.006,0.255,0.288,0.183,0.115,0.162,0.114,-0.006,-0.069,-0.163,-0.234,-0.146,0.079,0.292,0.283,0.357,0.156,0.075,0.084,0.065,0.116,0.103,0.089,0.164,0.148,0.172,0.124,0.154,0.141,0.146,0.12,0.071,0.101,0.104,0.119,0.099,0.175,0.116,0.061,0.17,0.21,0.261,0.208,0.499,1.127,1.428,0.996,0.49,0.164,0.04,0.029,0.201,0.389,null,null,null,null,null,0.002,0.106,0.252,0.018,0.124,null,null,null,null,null,null
null,null,null,null,null,null,-0.621,-0.203,-0.123,0.1,0.19,0.087,0.103,0.146,0.093,0.059,-0.03,-0.102,-0.164,-0.05,0.12,0.271,0.197,0.372,0.353,0.124,0.059,0.106,0.184,0.111,0.11,0.136,0.147,0.184,0.154,0.122,0.149,0.149,0.135,0.136,0.125,0.111,0.063,0.11,0.24,0.2,0.092,0.196,0.272,0.354,0.433,0.389,1.142,1.508,1.16,0.63,0.293,0.124,0.029,0.127,0.144,null,null,0.054,0.049,0.05,0.219,0.121,0.178,0.234,0.16,null,null,null,null,null,null
null,null,null,null,null,null,-0.432,-0.192,-0.242,-0.013,0.088,0.003,-0.093,-0.05,0.09,0.069,0.012,-0.057,-0.068,0.085,0.203,0.257,0.174,0.345,0.456,0.276,0.083,0.087,0.15,0.095,0.129,0.141,0.139,0.207,0.189,0.09,0.131,0.174,0.203,0.176,0.15,0.03,0.035,0.117,0.149,0.195,0.102,0.119,0.197,0.251,0.327,0.495,1.269,1.57,1.238,0.699,0.349,0.122,-0.097,null,null,null,null,0.162,0.051,null,0.215,null,null,0.287,0.199,0.14,0.051,0.104,0.188,0.244,0.148
null,null,null,null,null,null,null,-0.214,-0.377,-0.176,-0.012,-0.041,-0.109,-0.121,-0.007,0.022,-0.006,-0.036,-0.045,0.076,0.163,0.196,0.208,0.305,0.379,0.369,0.113,0.07,0.052,0.074,0.101,0.134,0.206,0.233,0.176,0.1,0.103,0.15,0.182,0.148,0.13,0.063,0.03,0.071,0.029,0.039,0.079,0.117,0.09,0.058,0.075,0.523,1.359,1.61,1.277,0.733,0.385,0.006,0.032,0.144,0.067,0.099,0.208,0.242,0.177,0.089,0.06,null,null,0.093,0.079,null,0.029,0.036,0.049,0.258,0.191
null,null,null,null,null,null,null,-0.368,-0.445,-0.345,-0.078,-0.066,-0.108,-0.049,-0.057,-0.063,-0.045,-0.063,-0.076,0.002,0.086,0.158,0.203,0.259,0.287,0.275,0.025,0.002,0.027,0.055,0.01,0.12,0.146,0.168,0.118,0.099,0.1,0.129,0.058,0.035,0.02,null,null,null,null,null,null,null,null,null,null,0.416,1.401,1.637,1.253,0.747,0.454,0.114,0.012,-0.037,-0.092,0.07,0.307,0.375,0.284,0.136,-0.022,0.029,0.089,0.06,0.048,0.132,0.155,0.096,0.026,0.085,0.206
null,null,null,null,null,null,null,-0.315,-0.45,-0.459,-0.227,-0.096,-0.186,-0.101,-0.094,-0.077,-0.047,-0.013,0.025,0.067,0.139,0.151,0.137,0.153,0.186,0.056,-0.102,-0.052,-0.033,0.104,0.062,0.12,0.091,0.127,0.138,0.122,0.028,null,null,null,null,null,null,null,null,null,null,null,null,null,null,0.228,1.37,1.607,1.16,0.739,0.546,0.191,-0.069,-0.115,-0.098,0.148,0.427,0.456,0.309,0.172,0.036,0.001,0.051,0.035,0.011,0.143,0.141,-0.01,0.026,0.157,0.233
null,null,null,null,null,null,null,null,-0.453,-0.54,-0.366,-0.202,-0.194,-0.228,-0.163,-0.128,-0.076,0.063,0.118,0.107,0.128,0.166,0.14,0.095,0.01,-0.112,-0.156,-0.091,-0.017,0.048,0.137,0.096,0.074,0.118,0.163,0.104,null,null,null,null,null,null,null,null,null,null,null,null,null,null,null,0.95,1.269,1.44,1.003,0.674,0.603,0.387,0.015,-0.106,0.064,0.29,0.472,0.401,0.283,0.187,0.064,-0.061,-0.128,-0.114,-0.124,0.063,0.173,0.061,0.034,0.125,0.198
null,null,null,null,null,null,null,null,-0.371,-0.501,-0.504,-0.351,-0.26,-0.277,-0.262,-0.195,-0.08,0.095,0.142,0.137,0.175,0.209,0.167,0.019,-0.086,-0.146,-0.122,-0.025,0.022,-0.018,0.159,0.078,0.081,0.141,0.172,0.077,null,null,null,null,null,null,null,null,null,null,null,null,null,null,0.533,0.526,1.398,1.171,0.841,0.605,0.558,0.45,0.237,0.087,0.142,0.273,0.337,0.329,0.296,0.204,0.113,-0.057,-0.212,-0.291,-0.242,-0.088,0.15,0.183,0.138,0.096,0.13
null,null,null,null,null,null,null,null,null,-0.346,-0.516,-0.562,-0.371,-0.286,-0.244,-0.195,-0.051,0.107,0.111,0.128,0.124,0.126,0.013,-0.054,-0.103,-0.137,-0.104,0.011,0.061,-0.055,0.109,0.092,0.085,0.144,0.146,0.066,null,null,null,null,null,null,null,null,null,null,null,null,null,0.259,0.403,0.392,1.139,0.927,0.717,0.54,0.475,0.381,0.281,0.25,0.294,0.329,0.317,0.33,0.344,0.245,0.112,-0.014,-0.202,-0.31,-0.302,-0.163,0.05,0.1,0.122,0.138,0.163
null,null,null,null,null,null,null,null,null,null,-0.458,-0.549,-0.516,-0.426,-0.244,-0.16,-0.063,0.081,0.094,0.053,0.016,-0.012,-0.097,-0.119,-0.153,-0.159,-0.074,0.034,0.059,null,-0.026,0.091,0.105,0.122,0.104,0.053,null,null,null,null,null,null,null,null,null,null,null,null,null,0.841,0.227,0.98,0.931,0.794,0.66,0.531,0.426,0.322,0.292,0.38,0.452,0.401,0.384,0.392,0.355,0.29,0.127,0.033,-0.07,-0.216,-0.289,-0.219,-0.096,-0.015,0.049,0.07,0.163
null,null,null,null,null,null,null,null,null,null,null,-0.471,-0.422,-0.505,-0.386,-0.17,-0.098,-0.016,-0.072,-0.144,-0.17,-0.205,-0.193,-0.21,-0.265,-0.153,0.051,0.202,0.082,-0.076,-0.174,0.05,0.092,0.08,0.043,0.018,null,null,null,null,null,null,null,null,null,null,null,null,0.04,0.986,0.81,0.863,0.825,0.764,0.66,0.564,0.465,0.394,0.403,0.466,0.445,0.437,0.436,0.427,0.349,0.261,0.132,0.03,0.018,-0.07,-0.18,-0.232,-0.198,-0.132,-0.063,-0.02,0.106
null,null,null,null,null,null,null,null,null,null,null,-0.5,-0.339,-0.544,-0.506,-0.286,-0.148,-0.099,-0.225,-0.286,-0.212,-0.251,-0.277,-0.261,-0.22,-0.085,0.071,0.199,0.011,-0.101,-0.158,-0.017,0.039,0.03,-0.006,null,null,null,null,null,null,null,null,null,null,null,null,null,0.085,0.984,0.745,0.748,0.735,0.731,0.673,0.625,0.496,0.427,0.402,0.407,0.426,0.458,0.46,0.414,0.339,0.243,0.171,0.076,0.025,-0.033,-0.1,-0.174,-0.205,-0.184,-0.165,-0.077,0.017
null,null,null,null,null,null,null,null,null,null,null,-0.172,-0.327,-0.448,-0.527,-0.413,-0.27,-0.227,-0.322,-0.347,-0.281,-0.245,-0.304,-0.27,-0.242,-0.166,-0.077,0.051,-0.124,-0.097,-0.068,-0.097,-0.051,-0.042,null,null,null,null,null,null,null,null,null,null,null,null,null,null,null,0.801,0.639,0.614,0.665,0.682,0.635,0.594,0.507,0.443,0.443,0.441,0.413,0.471,0.465,0.402,0.387,0.338,0.226,0.145,0.083,0.051,-0.013,-0.085,-0.155,-0.132,-0.098,-0.109,-0.061
null,null,null,null,null,null,null,null,null,null,null,null,-0.14,-0.264,-0.386,-0.489,-0.437,-0.312,-0.342,-0.415,-0.424,-0.323,-0.271,-0.259,-0.26,-0.194,-0.044,-0.128,-0.096,-0.113,-0.137,-0.148,-0.117,-0.066,null,null,null,null,null,null,null,null,null,null,null,null,null,null,0.592,0.595,0.517,0.494,0.569,0.601,0.561,0.539,0.482,0.467,0.494,0.451,0.358,0.405,0.445,0.401,0.383,0.329,0.277,0.179,0.076,0.112,0.047,-0.043,-0.156,0.041,null,0.135,-0.016
null,null,null,null,null,null,null,null,null,null,null,null,null,-0.228,-0.297,-0.414,-0.384,-0.376,-0.201,-0.304,-0.423,-0.405,-0.311,-0.227,-0.165,-0.127,-0.157,-0.132,-0.146,-0.101,-0.117,-0.059,-0.03,null,null,null,null,null,null,null,null,null,null,null,null,null,null,null,0.608,0.496,0.424,0.403,0.452,0.52,0.509,0.468,0.442,0.43,0.479,0.508,0.461,0.471,0.454,0.372,0.376,0.384,0.37,0.216,0.079,0.094,0.059,-0.053,-0.096,0.062,0.23,0.219,0.15
null,null,null,null,null,null,null,null,null,null,null,null,null,null,-0.146,-0.194,-0.183,-0.345,-0.029,-0.184,-0.299,-0.382,-0.364,-0.253,-0.147,-0.104,-0.041,-0.042,null,null,null,null,null,null,null,null,null,null,null,null,null,null,null,null,null,null,null,null,0.529,0.479,0.349,0.341,0.379,0.458,0.521,0.481,0.372,0.304,0.331,0.419,0.517,0.589,0.482,0.334,0.407,0.483,0.492,0.265,0.096,-0.023,-0.04,-0.007,-0.043,0.067,0.204,0.28,0.233
null,null,null,null,null,null,null,null,null,null,null,null,null,null,null,null,null,null,0.152,-0.048,-0.07,-0.188,-0.102,0.036,0.01,-0.003,null,null,null,null,null,null,null,null,null,null,null,null,null,null,null,null,null,null,null,null,null,0.374,0.403,0.357,0.281,0.291,0.337,0.412,0.556,0.575,0.48,0.259,0.184,0.24,0.413,0.605,0.618,0.426,0.415,0.524,0.495,0.338,0.194,0.012,-0.137,-0.132,-0.016,0.008,0.232,0.243,0.211
null,null,null,null,null,null,null,null,null,null,null,null,null,null,null,null,null,null,0.066,0.021,0.038,-0.015,null,null,null,null,null,null,null,null,null,null,null,null,null,null,null,null,null,null,null,null,null,null,null,null,null,0.458,0.312,0.229,0.222,0.267,0.385,0.519,0.621,0.604,0.599,0.35,0.078,0.15,0.206,0.46,0.633,0.539,0.476,0.54,0.516,0.405,0.272,0.04,-0.104,-0.138,-0.088,0.076,0.137,0.094,0.192
null,null,null,null,null,null,null,null,null,null,null,null,null,null,null,null,null,null,null,null,null,null,null,null,null,null,null,null,null,null,null,null,null,null,null,null,null,null,null,null,null,null,null,null,null,null,null,0.332,0.215,0.147,0.174,0.252,0.399,0.594,0.709,0.643,0.623,0.445,0.018,0.108,0.137,0.269,0.479,0.556,0.494,0.49,0.503,0.416,0.295,0.121,-0.051,-0.084,-0.011,0.031,-0.015,0.104,0.289
null,null,null,null,null,null,null,null,null,null,null,null,null,null,null,null,null,null,null,null,null,null,null,null,null,null,null,null,null,null,null,null,null,null,null,null,null,null,null,null,null,null,null,null,null,null,0.219,0.143,0.121,0.11,0.132,0.193,0.414,0.633,0.785,0.693,0.696,0.449,-0.012,-0.013,0.132,0.154,0.27,0.397,0.48,0.5,0.466,0.398,0.313,0.187,0.07,0.02,-0.033,-0.056,-0.016,0.189,0.21
null,null,null,null,null,null,null,null,null,null,null,null,null,null,null,null,null,null,null,null,null,null,null,null,null,null,null,null,null,null,null,null,null,null,null,null,null,null,null,null,null,null,null,null,null,null,0.197,0.128,0.04,0.102,0.136,0.194,0.393,0.651,0.758,0.732,0.744,0.472,-0.047,-0.089,0.064,0.109,0.107,0.221,0.358,0.435,0.436,0.38,0.299,0.23,0.133,0.061,-0.016,-0.019,0.095,0.127,0.137
