data/gulf-currents.json
{"header": {"parameterCategory":2,"parameterNumber":2,"lo1":-98,"la1":30.936943,"dx":0.0799999111111111,"dy":0.07257228813559322,"nx":271,"ny":178,"refTime":"2014-08-30T00:00:00Z","forecastTime":0,"source":"hycom_gom310D via https://coastwatch.pfeg.noaa.gov/erddap"}, "data":
[rows 150 to 174 of 178, columns 174 to 231 of 271]
0.34893668,0.3692655,0.37414294,0.4013908,0.44351012,0.49375463,0.5088513,0.51437795,0.51096034,0.46371967,0.4494219,0.40387994,0.30607355,0.26438636,0.35617375,0.40257597,0.36991814,0.39310676,0.3849545,0.39396963,0.29941517,0.26695865,0.24247882,0.20535278,0.20053235,0.19133121,0.1841498,0.20582092,0.19654712,0.20720619,0.2193402,0.21805236,0.21277955,0.17515713,0.12069817,0.0588642,0.020153023,-0.013500351,-0.038380973,-0.045029413,-0.05323792,-0.059038762,-0.08896316,-0.13263571,-0.16213652,-0.2245456,-0.2855813,-0.28396964,-0.24060172,-0.24347372,-0.28050485,-0.31606388,-0.3547913,-0.37542957,-0.38069648,-0.37941736,-0.35297006,-0.31653368
0.31378,0.30159855,0.294138,0.32360464,0.34993085,0.34674135,0.38612396,0.43567204,0.40726858,0.3692275,0.3794245,0.35643739,0.3405533,0.30372888,0.39025843,0.45878887,0.39502788,0.45858568,0.41422638,0.40920514,0.326508,0.26272464,0.22848113,0.22149074,0.1677522,0.2106798,0.16966662,0.229831,0.21518849,0.22224364,0.23268428,0.25125712,0.24602827,0.23633274,0.22981676,0.19699933,0.15111324,0.105557054,0.05525179,0.027329605,0.012802254,0.0055364165,-0.007001931,-0.062457073,-0.10422228,-0.12896377,-0.18602169,-0.24479033,-0.23421007,-0.18980831,-0.16170742,-0.18024954,-0.22798449,-0.2745702,-0.29270983,-0.30352932,-0.30761033,-0.28389823
0.23825249,0.23379688,0.23729387,0.24048537,0.23659971,0.27611974,0.34210944,0.37430906,0.36426795,0.3765899,0.38967383,0.38330582,0.3797803,0.37167403,0.41031265,0.37770697,0.372793,0.3301276,0.33115178,0.38054752,0.3174513,0.24962053,0.22410136,0.22066116,0.17072397,0.1898534,0.15229104,0.19049135,0.23865835,0.21530402,0.23227079,0.25203437,0.27185458,0.28744006,0.29112235,0.2787359,0.25173903,0.21389133,0.18912753,0.12586954,0.08030576,0.056584466,0.05061207,0.03113461,-0.02373804,-0.069306865,-0.0880391,-0.14653106,-0.19238582,-0.18103363,-0.14902939,-0.10048333,-0.09520632,-0.13000733,-0.17727447,-0.22356807,-0.21623933,-0.20401052
0.18514928,0.19528824,0.19030085,0.20563573,0.24024068,0.27651724,0.31229162,0.35793364,0.39995646,0.4299671,0.43425298,0.45610845,0.4723354,0.4541775,0.50003564,0.4925993,0.4857717,0.2857985,0.3021425,0.34215194,0.2858351,0.23200028,0.22578454,0.21639994,0.19494659,0.17461711,0.15297619,0.14976144,0.21400657,0.22986296,0.22136608,0.23419172,0.27577907,0.32816783,0.35286015,0.36421853,0.34983513,0.3150944,0.29587376,0.24870156,0.1803726,0.12056331,0.10725923,0.10070571,0.07403871,0.015196569,-0.008161796,-0.019932423,-0.062706284,-0.11133221,-0.13912962,-0.12769547,-0.07652749,-0.028223762,-0.02624536,-0.08032477,-0.13500723,-0.11548966
0.2271597,0.24262774,0.2306563,0.22804268,0.24178195,0.2664656,0.32005364,0.3871855,0.44056904,0.45602727,0.45862758,0.47661626,0.49828702,0.5030316,0.48800832,0.5116869,0.5051151,0.44190475,0.35173786,0.26300502,0.23528999,0.228805,0.21609473,0.19958496,0.21037984,0.1608386,0.15885133,0.14627609,0.19629207,0.2372747,0.22530982,0.21501212,0.25550777,0.31784815,0.36712742,0.40221924,0.40614957,0.39766258,0.382586,0.34960726,0.2970332,0.24828535,0.20481451,0.17271793,0.14874777,0.110357076,0.0713084,0.060798593,0.058214612,0.032508403,0.006105788,-0.11616523,-0.13342836,-0.07019758,0.011572755,0.060308874,0.042803057,-0.0052481396
0.25699055,0.22286215,0.19163166,0.23014855,0.2673179,0.29725283,0.3467944,0.36774406,0.3817088,0.36643165,0.33074978,0.3431666,0.36841765,0.3705235,0.37161118,0.34650007,0.30388516,0.22794797,0.18695757,0.18824989,0.20802034,0.21613082,0.2145628,0.19079183,0.19200759,0.16191557,0.14035697,0.15122606,0.18114704,0.23342463,0.23873055,0.20734757,0.2325878,0.28293595,0.33212212,0.37217736,0.40181953,0.42492473,0.4272694,0.40779513,0.3776932,0.3491267,0.31929055,0.2680257,0.21401802,0.17745411,0.14190827,0.110125035,0.10118735,0.067778006,0.027913027,-0.042434193,-0.08367264,-0.06311208,-0.020161726,0.051003154,0.12538387,0.1669031
0.18777752,0.2077999,0.2512114,0.26096946,0.2546059,0.26253211,0.25240248,0.23834237,0.20954907,0.19755849,0.22127809,0.24952987,0.2701152,0.26979595,0.25004682,0.24790487,0.22719693,0.22310627,0.25537306,0.25779328,0.2650398,0.268333,0.23756737,0.20770447,0.16400585,0.13992858,0.11142786,0.13206682,0.1602042,0.20967993,0.24360389,0.21675567,0.20062438,0.21069147,0.25503707,0.3187922,0.36817753,0.40303558,0.42275316,0.42324084,0.41304398,0.41033685,0.4006554,0.37668264,0.3082757,0.23537377,0.20051764,0.17520237,0.15849447,0.0990957,0.02180954,0.048208416,0.04200352,0.035662964,0.021407066,0.058143664,0.11907816,0.17834496
0.17250548,0.16539656,0.15535073,0.14293721,0.14038062,0.116560444,0.10237408,0.10225184,0.11111913,0.14916,0.20415662,0.25282645,0.28539544,0.25014675,0.26059294,0.25312722,0.25147957,0.24510512,0.28616768,0.27125204,0.30074358,0.30948937,0.26988065,0.18803507,0.13010198,0.10013747,0.056174014,0.0764059,0.11547787,0.16767052,0.22366309,0.25044113,0.25111553,0.23887868,0.23083697,0.25899428,0.2995053,0.3468479,0.38043818,0.402249,0.41978174,0.44243026,0.4353946,0.4356901,0.40024418,0.3374538,0.27352586,0.2484186,0.22584003,0.18113145,0.11698437,0.11164736,0.11272301,0.16295853,0.13511291,0.07534602,0.09387762,0.1425443
-0.0037732674,0.0030621542,0.016132277,0.02268951,0.026741534,0.022001835,0.046949826,0.09663176,0.14466687,0.19446537,0.23166561,0.26391196,0.24103189,0.23098052,0.27399644,0.23246767,0.2823249,0.24945816,0.25415468,0.21756992,0.26918033,0.24700491,0.23871806,0.19268468,0.13226077,0.07365495,0.04529227,0.03986132,0.07722658,0.120202675,0.18146092,0.22037801,0.26395607,0.29877204,0.31088704,0.3178886,0.30622706,0.29417762,0.29183644,0.31293595,0.3641566,0.3939792,0.4191357,0.41353953,0.4141345,0.40532455,0.37949628,0.3649192,0.33009315,0.29213881,0.227568,0.16652699,0.15328127,0.17782798,0.2242947,0.18132244,0.11028115,0.112782545
-0.07630969,-0.06205365,-0.034446925,-0.0069486005,0.014341686,0.04691437,0.10224094,0.15050524,0.17850348,0.18153283,0.19939886,0.2146051,0.20605254,0.18570825,0.21648027,0.20441219,0.20636454,0.22229019,0.19214532,0.21450005,0.22390795,0.25342563,0.2200479,0.22445324,0.18717027,0.15477437,0.10890563,0.083758906,0.09496608,0.13039362,0.16092998,0.19221142,0.23907617,0.2850112,0.34596503,0.41208774,0.41093904,0.36796835,0.35377976,0.35707146,0.3531908,0.3456369,0.31933802,0.29724473,0.3377015,0.34991992,0.41050285,0.46548784,0.46070567,0.39172402,0.3324787,0.25823718,0.2046148,0.21407115,0.260202,0.27630246,0.20768347,0.13593929
-0.08329434,-0.04539813,-0.0033100136,0.027124923,0.053278774,0.08650643,0.108253375,0.12217836,0.14006683,0.15371253,0.17924504,0.19478703,0.2012285,0.19775009,0.21675375,0.22396463,0.2384409,0.24930075,0.2525726,0.27369392,0.26069123,0.23275356,0.26872814,0.24187231,0.2567424,0.24193396,0.21409039,0.19612351,0.16248935,0.1666236,0.19974732,0.23630255,0.2624541,0.26408678,0.31658497,0.40268973,0.3362006,0.42504516,0.52401733,0.53856957,0.48186004,0.4332137,0.37100244,0.3253834,0.3353558,0.3739814,0.35625312,0.39239973,0.51573914,0.52995646,0.4554095,0.37264013,0.30059442,0.2567209,0.2766343,0.30726284,0.31167215,0.281933
-0.041436076,-0.0061964467,0.029280085,0.060175955,0.08220452,0.10034554,0.110315174,0.11993094,0.14115772,0.15881501,0.17481004,0.19859888,0.20908219,0.21654353,0.23166107,0.24266681,0.25836045,0.26455063,0.27264947,0.29961914,0.31408852,0.35199136,0.34361604,0.32269964,0.27268866,0.25397703,0.26979193,0.27513534,0.265881,0.24349998,0.22202508,0.22251906,0.22160003,0.20739725,-0.10131928,-0.019511232,null,null,0.08132977,0.23312658,0.32346892,0.3392665,0.29058635,0.24416313,0.27967477,0.3779443,0.4234786,0.4868626,0.48847783,0.49864924,0.49343905,0.4313126,0.37421227,0.26350003,0.1909148,0.24905732,0.3300488,0.35476756
0.010834065,0.036595464,0.06608961,0.0882479,0.10203211,0.10406679,0.105634995,0.11383762,0.12599841,0.13129556,0.13563389,0.14012596,0.14889655,0.1591399,0.17608781,0.18100415,0.19320345,0.20251673,0.21986154,0.23831409,0.2722308,0.30263942,0.33083752,0.34061518,0.3344953,0.34598982,0.34422243,0.36657137,0.38130212,0.37017348,0.35240686,0.33066976,0.29931164,0.3239993,0.2833708,0.05101107,-0.045838237,-0.01626156,-0.02599936,0.01825039,0.06507241,0.05791294,0.12212125,0.23165825,0.39369202,0.4962422,0.58483565,0.5380877,0.58512735,0.5463716,0.4738474,0.43842655,0.38117704,0.26124462,0.18985614,0.21954012,0.31256905,0.39796457
-0.015035249,-0.0025634891,0.013048442,0.016974814,0.01985775,0.015574693,0.011684582,0.020648291,0.032714102,0.04754102,0.04925088,0.05436644,0.07322023,0.093980655,0.113632284,0.117903575,0.12418349,0.13783818,0.16904819,0.19696662,0.22318289,0.24618572,0.26714167,0.30248427,0.32412744,0.35450986,0.38038975,0.3812768,0.4241265,0.41335988,0.4074815,0.39987975,0.41783613,0.46644622,0.4813754,0.5091123,0.467455,0.39844823,0.31892303,0.28059334,0.2596739,0.266474,0.34677628,0.41982788,0.42895913,0.49236745,0.49695316,0.6484622,0.62707996,0.5819578,0.43187666,0.39738366,0.33055347,0.27864346,0.29954988,0.36853823,0.4249494,0.45538044
-0.1442334,-0.12830397,-0.11823523,-0.098413914,-0.079531,-0.06487475,-0.057472453,-0.04423199,-0.031913288,-0.029551055,-0.027070908,-0.016728919,-0.0061737676,0.00797021,0.024009943,0.030176453,0.045523852,0.0590636,0.077722594,0.10523561,0.1315841,0.14924218,0.18188342,0.21071613,0.25401917,0.29610553,0.3284273,0.35727727,0.39921325,0.3956278,0.40466085,0.38364965,0.41001028,0.44888526,0.4575032,0.5097542,0.5639253,0.56444573,0.5480555,0.54829913,0.53784776,0.57367194,0.5793663,0.5606579,0.528491,0.50272757,0.49402344,0.58506465,0.5907593,0.5143866,0.3519867,0.321315,0.30791223,0.32191193,0.3996092,0.4370916,0.43726784,0.4537613
-0.23556459,-0.21476793,-0.19821365,-0.18061657,-0.17113097,-0.16844141,-0.16701019,-0.1612612,-0.16101333,-0.16352569,-0.17078236,-0.17854995,-0.18045303,-0.13454673,-0.1938963,-0.14972928,-0.121125415,-0.10325891,-0.08612703,-0.050880093,-0.00040974468,0.028156895,0.04737145,0.07377234,0.11264982,0.16088182,0.21322814,0.25294438,0.30390185,0.29639965,0.31150755,0.3267954,0.35845917,0.38430128,0.39643788,0.44018623,0.4755525,0.508339,0.5467316,0.59499204,0.62423533,0.6181754,0.61750853,0.5844799,0.5630862,0.5088895,0.4685922,0.49755567,0.4280406,0.26931262,0.22283477,0.30943424,0.33877677,0.43852106,0.49133915,0.46478894,0.4055944,0.3457836
-0.32256603,-0.3112582,-0.32718536,-0.33970466,-0.34540236,-0.3334803,-0.32205063,-0.33698565,-0.32742804,-0.35267648,-0.31034017,-0.3146533,-0.3091301,-0.29279247,-0.283419,-0.27553955,-0.27814266,-0.26781124,-0.27270868,-0.2634377,-0.2308546,-0.18329608,-0.13336757,-0.09111384,-0.0504497,0.011760861,0.075518385,0.121755145,0.16692138,0.18500742,0.21230927,0.22088899,0.25552,0.2941367,0.31728286,0.3641019,0.4133697,0.44433823,0.483877,0.52774763,0.5365086,0.5565846,0.584774,0.54439765,0.49606454,0.43624204,0.4013309,0.32894766,0.24039786,0.17375177,0.27574253,0.34963405,0.42991868,0.50667673,0.49927726,0.42651403,0.3816157,0.35046667
-0.4702084,-0.4660296,-0.45388603,-0.46079382,-0.44825554,-0.44754755,-0.4468438,-0.4341768,-0.4184578,-0.3927999,-0.39062607,-0.36487043,-0.3512107,-0.33399084,-0.32280385,-0.3112191,-0.3137908,-0.31070387,-0.3047663,-0.3093076,-0.30972877,-0.29051113,-0.26206398,-0.2337929,-0.24970457,-0.16791059,-0.11100817,-0.06639479,-0.020162921,0.034287035,0.0995004,0.12050323,0.14374146,0.16743444,0.19929029,0.24355021,0.28994092,0.32373804,0.34863654,0.3660344,0.38378423,0.4014446,0.40236628,0.3830619,0.33022982,0.33853692,0.3375608,0.23160787,0.16789001,0.18010305,0.24221814,0.3497755,0.454306,0.48347208,0.4036907,0.36915064,0.3305953,0.26067445
-0.57114434,-0.55926275,-0.5421939,-0.5294824,-0.51960933,-0.5065472,-0.48733634,-0.45708033,-0.45280463,-0.4458121,-0.44258964,-0.42943746,-0.42047074,-0.40725037,-0.39315802,-0.38289922,-0.36315006,-0.3487903,-0.32933694,-0.30900526,-0.292643,-0.27951372,-0.26916796,-0.25604546,-0.22784816,-0.22213878,-0.20100188,-0.18829297,-0.14229414,-0.10756676,-0.08338165,-0.037655603,-0.0008709156,0.031558573,0.05427789,0.09766996,0.123078875,0.15892763,0.1629901,0.18888465,0.21359804,0.24336469,0.23268992,0.26216328,0.18514356,0.21787699,0.28348094,0.2544004,0.17572762,0.18798375,0.26149923,0.3527239,0.38078576,0.35113585,0.32592613,0.28399158,0.24093561,0.17775515
-0.6029323,-0.58897436,-0.5868144,-0.5816846,-0.5596098,-0.5399442,-0.5190543,-0.50048304,-0.48539424,-0.4668421,-0.4466462,-0.43633792,-0.4295239,-0.41729802,-0.41199797,-0.40690753,-0.39374518,-0.38698608,-0.38334385,-0.37449536,-0.36668706,-0.3535919,-0.34333515,-0.33128637,-0.31226048,-0.2855185,-0.2601974,-0.2278706,-0.19660985,-0.16979417,-0.1472237,-0.11917396,-0.091008365,-0.04549452,-0.020842785,0.011776539,0.028150922,0.05450551,0.09595768,0.13160533,0.14271185,0.17288429,0.15839586,0.11044207,0.11710275,0.11854957,0.17165582,0.19611627,0.18644978,0.19502021,0.23310927,0.26619482,0.28781116,0.27031472,0.22734794,0.17317757,0.12418391,0.09820177
-0.5853448,-0.57150877,-0.5574887,-0.5364638,-0.52750975,-0.5076038,-0.4884507,-0.4732265,-0.4647352,-0.4612341,-0.45365983,-0.45015982,-0.4498697,-0.43479097,-0.41810316,-0.4161313,-0.40578422,-0.39186803,-0.3863266,-0.38042873,-0.37374723,-0.36453623,-0.3605491,-0.35980493,-0.34470037,-0.33247012,-0.3131234,-0.29140425,-0.2746052,-0.25261348,-0.21908133,-0.1858199,-0.1664031,-0.1372171,-0.103157714,-0.07804671,-0.05062729,-0.025837967,-0.0042889686,0.0064217653,0.01532596,0.045193903,0.06818407,0.07576989,0.06642532,0.046830527,0.06255938,0.07503791,0.09462818,0.12436223,0.16058223,0.19001058,0.18004528,0.14245547,0.10756908,0.07653716,0.055004142,0.03935734
-0.5368322,-0.5245602,-0.5218703,-0.5103597,-0.49828723,-0.48856056,-0.4826796,-0.48415065,-0.4839907,-0.48278224,-0.48011103,-0.477313,-0.4761322,-0.4718934,-0.46034306,-0.45304355,-0.4472505,-0.44132003,-0.43423524,-0.42748722,-0.41315305,-0.4015015,-0.39269757,-0.3787325,-0.37745994,-0.3650526,-0.34721047,-0.32579416,-0.30963305,-0.29636043,-0.26793808,-0.23433384,-0.21584377,-0.19397664,-0.16607158,-0.1457755,-0.12163517,-0.098313,-0.08271793,-0.06865386,-0.060245,-0.050267912,-0.03061613,-0.0062796944,0.0077503696,0.009925915,0.018310796,0.030733712,0.05055386,0.06813212,0.0812068,0.07703056,0.05057452,0.029030291,0.020420514,0.019023445,0.0002723001,-0.029184733
-0.5499442,-0.54386157,-0.5354624,-0.52109766,-0.511685,-0.5094037,-0.50922215,-0.5094367,-0.5067451,-0.50188243,-0.49939004,-0.4984336,-0.49587852,-0.48792148,-0.47866732,-0.47042608,-0.46449476,-0.46231258,-0.45991886,-0.45451432,-0.44640952,-0.43526202,-0.4239838,-0.40977317,-0.39355084,-0.37357056,-0.35765597,-0.34256583,-0.3251097,-0.30699396,-0.29600853,-0.28460252,-0.26635712,-0.2519402,-0.237604,-0.20967448,-0.18591046,-0.15576497,-0.1354709,-0.1145868,-0.10383868,-0.09895805,-0.095397264,-0.088001594,-0.06842947,-0.052021988,-0.041662067,-0.036337905,-0.030345174,-0.02550153,-0.018137068,-0.01416612,-0.021714138,-0.030216895,-0.032841504,-0.050802633,-0.0689401,-0.07296781
-0.5465393,-0.53762925,-0.5281975,-0.5220496,-0.5199679,-0.518752,-0.5202866,-0.52239347,-0.52207893,-0.51931345,-0.51993173,-0.5170736,-0.5115248,-0.5025066,-0.49241793,-0.4836067,-0.475819,-0.46890408,-0.4646935,-0.46276438,-0.46218345,-0.4610054,-0.45655113,-0.4472393,-0.43256977,-0.41587138,-0.39638585,-0.37874377,-0.36173284,-0.34857816,-0.3374973,-0.32471478,-0.3154971,-0.2947876,-0.28289288,-0.2651313,-0.25616008,-0.2436781,-0.22719185,-0.205192,-0.1780079,-0.15628812,-0.13827416,-0.13759673,-0.12852958,-0.113736786,-0.104166545,-0.09126544,-0.08351251,-0.07663692,-0.06344723,-0.05602753,-0.06874663,-0.085460424,-0.09484653,-0.09674053,-0.091951594,-0.08884938
-0.55002534,-0.5412583,-0.5339806,-0.52812934,-0.52324355,-0.52293444,-0.5258926,-0.5295277,-0.5308655,-0.5342126,-0.53643394,-0.5357407,-0.5319358,-0.5237621,-0.5120511,-0.4990247,-0.48644805,-0.4762079,-0.46901953,-0.4653751,-0.46443033,-0.46524376,-0.46424532,-0.46082407,-0.45647687,-0.44852775,-0.43589002,-0.41739297,-0.3990575,-0.37876055,-0.36745167,-0.3541879,-0.35255036,-0.34596515,-0.33258078,-0.32751617,-0.3091269,-0.29511768,-0.2790857,-0.26570994,-0.2514497,-0.23468222,-0.21564561,-0.19634241,-0.17969577,-0.16191012,-0.13578376,-0.12088466,-0.119821616,-0.11470969,-0.10668918,-0.102520734,-0.10806423,-0.11334472,-0.11170989,-0.10477911,-0.10043941,-0.08885087
